1.53118       0.867382
0.735708       0.95452
0.857999       0.876779
1.10656       0.951122
0.916615       0.910822
0.569728       0.0628252
1.46477       0.971803
0.866616       0.934315
0.765241       0.944157
1.42834       0.973215
1.10082       0.914572
0.932776       0.869016
1.22897       0.973262
0.896099       0.972362
1.10352       0.991378
0.926766       0.779196
0.892612       0.00339276
1.72288       0.848514
1.11809       0.861839
0.699428       0.80119
0.87684       0.97252
0.882298       0.542412
1.52876       0.9565
1.86425       0.883176
2.10402       0.887108
0.811211       0.533692
1.36005       0.973632
1.63695       0.938103
1.19048       0.866865
1.51581       0.958885
1.21492       0.839226
1.298       0.802549
1.14595       0.975851
1.11964       0.932262
1.29118       0.935054
1.64476       0.890734
0.810729       0.978676
0.609185       0.746081
0.836867       0.953908
0.623955       0.642333
1.2158       0.953294
0.731934       0.695739
0.579396       0.641117
0.994897       0.40397
0.953853       0.833342
1.81144       0.97027
1.57793       0.971905
0.919668       0.809127
0.636567       0.89585
0.958308       0.691928
1.38528       0.964099
0.740083       0.453968
1.15411       0.894168
1.32491       0.981461
0.793728       0.818899
1.27574       0.956461
1.20383       0.962265
1.20405       0.911975
1.21301       0.927283
1.21438       0.963627
0.690308       0.711522
0.961546       0.936016
1.08821       0.917189
0.951382       0.955344
1.17965       0.953329
1.06156       0.864423
1.06151       0.932699
1.52247       0.975462
1.15134       0.942413
0.738003       0.57082
1.37121       0.933856
1.0909       0.823693
1.06301       0.938885
0.917331       0.941927
1.05748       0.854407
1.59047       0.910773
0.581509       0.507234
1.53896       0.943225
1.43051       0.885326
1.53269       0.934658
1.68611       0.951098
0.839337       0.780723
0.65965       0.641818
0.904998       0.880304
0.970168       0.659534
0.895829       0.972778
1.79427       0.911625
1.64711       0.940507
1.33811       0.956827
1.07337       0.880081
0.614176       0.871992
0.991339       0.648182
0.853806       0.786902
1.07135       0.92959
1.46561       0.967511
0.984442       0.594899
1.22017       0.976835
0.745603       0.614628
1.36562       0.971918
1.53434       0.831777
1.79034       0.973981
0.61809       -0.122974
1.6352       0.976077
0.752777       0.90722
1.36478       0.912693
1.21379       0.92903
1.27298       0.936161
0.564038       0.678846
1.0423       0.988644
1.46602       0.926307
0.813818       0.766074
0.954959       0.912767
1.39187       0.987231
0.827596       0.971486
0.799902       0.82565
0.807571       0.98041
0.889935       0.664267
0.652345       0.648248
1.33345       0.860744
0.698122       0.742495
1.15664       0.968435
1.37788       0.928753
0.976331       0.95578
0.649093       0.879147
1.23578       0.81178
0.978383       0.963696
0.873806       0.79325
0.903085       0.73775
1.39782       0.967976
0.889316       0.921992
1.61107       0.925837
0.71331       0.865908
0.740479       0.756518
1.11514       0.913665
0.686188       0.673342
1.48399       0.885258
0.626553       0.62279
1.7898       0.942555
1.27562       0.865845
1.17536       0.961594
0.836993       0.829978
0.698931       0.975292
1.43801       0.941603
0.999415       0.961385
1.44957       0.945606
1.27004       0.983466
1.23805       0.932524
1.83416       0.957307
0.803918       0.953344
0.824352       0.734828
0.901142       0.973599
0.985263       0.9806
2.05093       0.950363
1.45086       0.938759
1.12665       0.905506
0.934085       0.957312
1.44287       0.954542
0.905066       0.801165
0.981376       0.296625
0.644384       0.308298
1.17907       0.974927
0.872004       0.922964
0.632025       0.908012
1.21572       0.923935
1.01273       0.864038
0.856671       0.972712
1.08028       0.926422
1.50404       0.961081
0.994159       0.948097
1.70562       0.89712
0.969192       0.600653
1.64257       0.920587
0.535424       0.12674
1.72181       0.910737
1.5222       0.967834
1.22288       0.992319
0.898113       0.384757
0.982213       0.230769
1.00278       0.943377
0.673548       0.956319
0.926838       0.934026
1.27201       0.868736
1.00556       0.873847
1.14166       0.963121
2.39193       0.845132
0.883125       0.842484
1.48636       0.972706
1.11046       0.992286
1.10632       0.597479
1.52325       0.933769
0.967632       0.85088
1.58319       0.971725
1.09203       0.974321
1.43048       0.878696
1.5355       0.906849
0.588507       0.739871
0.844611       0.92925
1.12638       0.872449
1.30111       0.960556
0.860508       0.541999
1.56126       0.982389
1.38836       0.935744
0.861665       0.723255
1.45949       0.963822
0.62271       0.795228
1.04433       0.922031
1.93687       0.887718
1.40774       0.919156
0.881095       0.946469
1.16627       0.966867
1.01691       0.973818
1.42052       0.96109
1.47111       0.959123
1.24058       0.814152
0.950608       0.865781
0.627269       0.85787
1.074       0.888989
1.35882       0.864471
1.69133       0.973175
1.07041       0.965397
0.82194       0.815344
1.14762       0.989209
1.37929       0.970569
1.68486       0.92384
0.949543       0.789093
1.31855       0.97013
0.584191       0.862148
1.21484       0.930643
1.87881       0.863022
1.26838       0.984949
1.27704       0.818693
1.14978       0.959502
1.26858       0.92563
0.693051       0.917821
1.43826       0.955703
0.930012       0.867659
1.42643       0.921795
0.948747       0.899613
1.26204       0.92798
0.901151       0.742694
0.874017       0.894342
0.713005       0.678059
0.899096       0.898137
0.766513       0.78592
2.06273       0.868607
0.826579       0.814479
1.15642       0.967713
1.09253       0.952935
1.12501       0.959098
0.578453       0.839
0.812359       0.764454
1.06175       0.900888
1.43424       0.954958
0.703631       0.761231
0.954128       0.985197
1.31268       0.974846
1.1095       0.822416
0.696309       0.7786
1.60406       0.922706
0.957416       0.911223
1.57898       0.90109
0.827492       0.983331
0.658275       0.819653
1.04845       0.96617
1.46996       0.836327
0.799022       0.811771
0.639042       0.642346
1.48991       0.94114
0.947242       0.956644
1.21258       0.967542
1.58608       0.968998
0.890532       0.928048
1.58085       0.945124
0.96049       0.892176
1.07311       0.916048
1.38219       0.895416
1.48146       0.924352
0.783857       0.932653
1.46611       0.965041
1.7845       0.90879
0.941321       0.910877
0.847205       0.827377
1.46187       0.948134
0.877679       0.858497
1.44112       0.965732
0.867894       0.930165
1.22348       0.95796
0.96661       0.955013
0.835095       0.733959
0.65367       0.49009
1.21846       0.96557
1.27463       0.883612
0.742383       0.741808
1.22475       0.897018
1.24823       0.839517
0.777837       0.943104
0.662857       0.673689
1.21699       0.939426
0.800415       0.797859
0.542341       0.803239
1.33404       0.933209
0.765195       0.771714
1.35392       0.986538
0.960802       0.478927
0.822397       0.280193
1.18134       0.681437
1.08954       0.881969
0.836667       0.829702
1.31667       0.93414
0.777027       0.0636393
0.935311       0.960767
0.858949       0.987389
1.26928       0.989688
1.42183       0.958565
1.43335       0.937275
1.50191       0.946667
1.14126       0.932733
0.895797       0.957989
1.47258       0.939242
0.927085       0.974553
0.914918       0.944938
1.00659       0.950394
1.57777       0.963205
1.67837       0.975887
1.49548       0.987749
1.06634       0.962789
1.8299       0.916547
0.845254       0.74955
0.741091       0.961166
1.22014       0.919805
0.782383       0.912489
0.794247       0.965422
0.513156       0.604012
1.09303       0.824583
1.9577       0.923536
0.829632       0.954939
1.80163       0.962611
1.09186       0.86256
0.852337       0.953999
1.2834       0.949542
0.881652       0.969597
1.36046       0.93435
1.77528       0.869902
1.35679       0.860156
0.94697       0.851403
1.22081       0.946068
1.67201       0.968315
1.44689       0.978639
1.25578       0.918453
1.8368       0.912094
0.803156       0.950657
0.800811       0.862789
1.32374       0.887588
1.25268       0.974278
0.697421       0.902042
1.22212       0.942406
1.67319       0.932882
1.13584       0.864573
1.04277       0.812776
1.46336       0.970957
1.33877       0.983876
1.00282       0.792834
1.30038       0.987349
1.54653       0.945665
1.17536       0.980632
0.739772       0.770303
1.63441       0.931109
1.2262       0.924846
0.987126       0.799849
1.10521       0.93846
0.946518       0.950461
0.702641       0.540789
0.757402       0.722609
1.52075       0.940922
1.54742       0.853434
1.66352       0.946916
0.992994       0.937555
2.19029       0.938273
1.27278       0.898205
0.872036       0.958443
0.982579       0.967841
1.1875       0.951339
1.31786       0.941717
1.65336       0.966495
0.79553       0.84652
1.57372       0.922932
1.08494       0.981351
1.10696       0.808015
1.65444       0.953868
0.74931       0.458546
1.52745       0.859948
0.659064       0.604815
0.675475       0.952364
1.12045       0.971865
2.12549       0.948435
1.30183       0.91696
1.24215       0.952491
1.00514       0.89902
0.606934       0.947783
1.10423       0.973859
1.43991       0.952556
1.24194       0.956493
1.26187       0.896063
1.23854       0.918397
1.2113       0.835361
0.887077       0.548155
0.895532       0.86975
1.18346       0.901384
0.635452       0.717398
1.3666       0.986089
0.814568       0.818048
0.600988       0.631953
1.25022       0.934579
1.18589       0.875658
1.59092       0.938195
0.949314       0.939177
0.878762       0.753126
1.34433       0.974094
0.989514       0.810491
0.879654       0.903539
1.42808       0.922826
1.32938       0.93097
1.26579       0.940159
0.758105       0.735732
0.804653       0.471723
1.92613       0.909624
1.29246       0.807499
0.829718       0.767056
1.3195       0.967428
1.26487       0.92881
0.840394       0.691552
0.950058       0.803752
1.10363       0.989632
1.76283       0.965477
0.678489       0.762109
1.40073       0.953045
0.738565       0.887583
1.21461       0.947866
0.792226       0.895383
1.23488       0.901416
0.989938       0.938145
1.08803       0.877455
0.704637       0.584883
1.26761       0.976482
1.39784       0.957419
0.59757       0.277233
0.625853       0.622513
0.670853       0.784337
0.759441       0.707415
1.12065       0.969874
1.4605       0.870521
1.75725       0.940895
1.13494       0.9253
0.614627       0.817664
1.48179       0.825252
1.05086       0.96113
1.30184       0.984473
0.846525       0.901923
1.18035       0.904766
0.929345       0.944815
1.17523       0.993403
1.4385       0.94401
0.760646       0.33598
0.845222       0.437408
0.793102       0.875011
1.59069       0.957884
1.73421       0.875353
1.29882       0.957306
0.896512       0.877615
1.45697       0.915906
1.31347       0.950302
1.19575       0.965658
0.80056       0.67963
0.899879       0.92582
1.2296       0.890403
1.26138       0.851322
1.63237       0.936971
1.84467       0.935989
1.20312       0.979379
1.63325       0.900807
1.08233       0.977151
0.82799       0.9569
1.3168       0.983714
1.45271       0.951606
1.54746       0.971247
1.51157       0.889434
0.946202       0.941369
0.833498       0.393577
0.852687       0.687848
1.20699       0.967212
1.13507       0.699241
1.27436       0.849743
0.708902       0.871142
0.80089       0.584193
1.51491       0.952852
0.620498       0.534615
0.923488       0.791404
0.791578       0.751777
0.499699       0.194337
1.0265       0.963779
0.708986       0.889895
1.27023       0.926283
0.756713       0.854754
0.857447       0.943556
0.971816       0.938321
1.0796       0.897073
1.00481       0.900526
1.03715       0.940302
0.778089       0.938952
1.05925       0.936463
1.2314       0.961798
0.848243       0.831953
1.2872       0.949646
1.7614       0.947446
1.59082       0.910488
1.00214       0.839062
1.00552       0.975219
1.22352       0.844227
0.980225       0.964192
1.46732       0.923521
0.960387       0.789829
1.51794       0.941731
1.67539       0.895787
1.49524       0.904965
1.8849       0.872668
0.967337       0.865619
1.47488       0.962635
0.841849       0.931886
0.856251       0.65684
0.903413       0.961524
1.16377       0.840619
0.891735       0.731729
1.38177       0.966362
0.732784       0.922397
0.985659       0.931365
0.933258       0.775878
1.32562       0.978405
0.794319       0.930308
1.06455       0.897364
1.03737       0.93128
1.24226       0.990135
0.993275       0.983234
1.04592       0.887874
0.776893       0.807516
1.18343       0.847492
0.8415       0.903471
0.977811       0.950516
0.980772       0.965892
1.28627       0.928798
1.40895       0.967975
1.04493       0.960181
0.988771       0.952843
1.72767       0.957112
1.18552       0.902008
2.2327       0.894381
1.14553       0.925303
0.73418       0.936417
2.10708       0.956193
0.657431       0.540236
0.886689       0.776794
1.25749       0.939224
1.11315       0.956728
0.715571       -0.0156804
0.804472       0.928258
0.900641       0.81856
1.49806       0.914978
1.63918       0.962673
0.840663       0.630758
0.579242       0.48112
1.64622       0.969376
0.966848       0.975038
1.81043       0.961318
1.58062       0.955691
1.40832       0.953475
1.15768       0.816239
0.88709       0.687195
1.11574       0.617903
0.928632       0.937911
1.41211       0.970035
0.786078       0.728273
1.28836       0.860582
1.18669       0.947893
1.00279       0.985149
0.960281       0.759783
1.75913       0.972281
0.80889       0.575926
1.264       0.791567
1.14247       0.939872
1.48293       0.837755
1.30346       0.957658
1.35517       0.933983
1.281       0.924833
1.29667       0.946277
1.11335       0.896825
1.51198       0.867669
2.18503       0.928679
1.37098       0.988272
1.05563       0.97955
1.10684       0.953181
1.3857       0.909862
1.48684       0.936665
0.873174       0.920157
0.662307       0.805059
0.879626       0.876899
1.24277       0.908405
1.39805       0.945935
1.24462       0.860474
1.528       0.985027
1.0318       0.986503
1.79156       0.929654
1.09978       0.905532
0.861439       0.927682
1.42238       0.881059
0.788217       0.892679
2.30321       0.946593
0.788203       0.765536
0.582685       0.887077
1.40292       0.936043
0.767046       0.906158
0.717724       0.65415
1.01524       0.895919
1.4332       0.947611
0.719086       0.601129
0.825069       0.903835
2.05101       0.928633
1.36169       0.889463
0.99881       0.962459
0.890616       0.774193
1.46469       0.95357
0.73238       0.854271
1.34744       0.986841
1.10441       0.965879
0.58861       0.873531
0.96074       0.78096
1.35968       0.943682
1.31862       0.977711
1.03923       0.946924
1.44006       0.92364
0.702284       0.000260393
1.49484       0.905495
1.37754       0.924569
0.817496       0.780213
0.863847       0.830425
0.989539       0.774933
0.699773       0.873582
1.44046       0.93404
0.702554       0.491512
1.34981       0.843976
0.871941       0.535709
1.13729       0.956285
1.12829       0.975852
1.57755       0.901606
0.840418       0.95172
0.983947       0.872537
1.41228       0.873886
1.2914       0.859778
1.04142       0.93217
1.4666       0.951191
1.48525       0.800392
1.77143       0.920173
1.35734       0.868165
1.08216       0.915918
1.30504       0.867743
0.656572       0.729534
0.703293       0.837209
1.05212       0.934454
1.90198       0.93832
0.944602       0.961948
0.964066       0.724864
1.48488       0.975723
1.32255       0.938513
1.37926       0.981295
1.45312       0.930817
1.65577       0.96064
1.89059       0.963508
0.641701       0.856987
1.16328       0.946505
0.495394       0.806935
1.18752       0.785044
1.15359       0.944326
1.29173       0.975508
1.15978       0.979047
1.24877       0.629321
0.71016       0.883112
1.42058       0.968539
0.895973       0.928377
1.37679       0.906028
0.903673       0.502615
1.12055       0.860453
1.83092       0.869917
0.504596       0.809122
1.34763       0.931465
1.38615       0.882648
0.715227       0.867094
1.41089       0.952448
1.61291       0.94935
1.05127       0.850854
1.16687       0.979224
1.11276       0.861667
1.12237       0.921028
1.19083       0.975271
1.62026       0.908561
1.30857       0.944681
0.89705       0.941551
1.56702       0.94577
0.892698       0.951667
1.11513       0.936969
1.71173       0.937192
1.03916       0.93548
1.91744       0.922726
0.848354       0.689577
1.08       0.895067
1.36899       0.904607
1.42546       0.906817
1.26682       0.722947
0.812598       0.979929
0.816807       0.753187
1.63805       0.917459
1.76332       0.949358
1.20516       0.980887
1.12533       0.95588
1.09368       0.772939
1.57828       0.934751
1.58436       0.917737
1.25302       0.791927
1.1738       0.987838
1.33219       0.899829
1.19602       0.738539
1.43352       0.95905
1.15029       0.883592
1.3086       0.968246
1.47809       0.980437
1.1547       0.934797
1.31824       0.953033
1.01628       0.875475
1.53895       0.945828
1.28752       0.897946
1.49639       0.848703
0.486469       0.810868
0.816786       0.966869
1.0198       0.926555
1.55659       0.949638
1.07702       0.526552
1.4584       0.912098
0.585167       0.735286
0.586377       0.512953
0.655696       0.725892
1.64984       0.964189
1.49078       0.966743
0.897102       0.874226
1.10319       0.943105
1.02609       0.994101
1.78407       0.96007
0.883087       0.917758
1.37192       0.824984
1.42924       0.960226
0.9329       0.799422
1.37194       0.918477
1.24558       0.77585
0.740242       0.917766
2.05369       0.924279
0.978226       0.881085
1.44297       0.978724
1.33839       0.987331
0.944623       0.956591
1.66342       0.862719
0.998609       0.947482
1.99695       0.973569
1.07409       0.991427
1.84187       0.929102
1.24595       0.826832
1.66076       0.789799
1.21466       0.968496
1.14622       0.943128
1.58923       0.942558
1.06204       0.975621
0.777985       0.647281
0.578471       0.616895
1.74744       0.891043
1.42235       0.963207
1.17382       0.932579
1.38349       0.902763
1.39986       0.965559
0.742423       0.867768
0.80647       0.856783
0.891087       0.954442
1.32336       0.909145
1.06702       0.966076
0.871084       0.906836
1.24758       0.945763
1.26578       0.871956
1.17257       0.930038
0.765038       0.901889
1.15298       0.974703
1.06952       0.956291
2.04876       0.89818
1.39488       0.778911
0.814777       0.425122
0.848028       0.898561
0.877049       0.956126
0.831284       0.872902
1.4215       0.908109
1.20505       0.988459
1.10243       0.92663
1.46375       0.737433
0.874112       0.849108
0.763043       0.716772
1.7146       0.948147
0.812142       0.886901
1.36875       0.945352
1.63853       0.943944
1.57752       0.827621
1.78131       0.959468
0.752778       0.861511
0.783215       0.646812
0.793354       0.692637
1.40318       0.886245
1.66677       0.957097
0.883186       0.117891
0.619407       0.22028
0.856856       0.48106
1.04431       0.950598
1.19665       0.944913
0.881154       0.843143
0.786346       0.631277
0.855183       0.875072
0.948097       0.928237
1.07923       0.856657
1.84484       0.892206
0.814223       0.394637
1.02112       0.878246
1.12898       0.955357
1.25196       0.936782
1.14616       0.920545
0.964224       0.96047
0.927519       0.828689
1.53904       0.940599
1.84394       0.942945
1.09327       0.99273
1.6532       0.984667
0.938371       0.927627
0.669615       0.599288
1.42878       0.923117
0.710935       0.738295
0.907335       0.954796
0.794012       0.591164
0.758826       0.852029
1.04493       0.874342
1.03992       0.877566
1.09218       0.73741
0.754237       0.580713
1.49337       0.906649
0.788744       0.978138
1.28763       0.898937
1.51713       0.969697
0.963764       0.825153
1.48531       0.991746
1.84517       0.824226
1.79674       0.957432
1.11781       0.967846
1.68025       0.948728
1.25987       0.925777
1.18594       0.825449
1.56927       0.95399
1.552       0.945289
0.742466       0.830109
1.00576       0.898518
1.00182       0.625412
0.887733       0.923045
0.570331       0.170763
1.86656       0.867584
0.748461       0.532422
1.0999       0.97138
1.06099       0.897948
0.813397       0.922436
0.936212       0.852746
0.809967       0.659689
1.19531       0.940683
1.40978       0.934125
1.65824       0.979906
1.1642       0.956979
1.10546       0.941566
0.963279       0.231638
0.657805       0.940136
1.1757       0.970435
1.39515       0.977016
0.817256       0.973513
1.51936       0.98446
0.97014       0.954458
0.820339       0.828398
1.17016       0.88333
1.05702       0.927896
0.872692       0.816314
1.16484       0.873288
1.10746       0.967576
0.677209       0.353127
0.997402       0.864163
1.33555       0.980698
0.885179       0.907323
1.08509       0.887155
1.07091       0.939739
0.917401       0.952865
1.16619       0.94358
1.05256       0.815338
1.50781       0.792253
0.917692       0.899758
1.24291       0.651122
1.15971       0.987557
1.10393       0.932569
0.825822       0.973744
1.335       0.93004
0.975961       0.856128
1.07386       0.941186
0.793317       0.903753
1.4382       0.856717
0.990731       0.899025
1.78846       0.963321
0.900385       0.816496
1.7342       0.942608
1.10522       0.976441
1.35259       0.906308
0.781928       0.876066
1.08217       0.978362
0.942615       0.989469
1.85232       0.798359
0.668676       0.882847
1.71317       0.950306
1.00041       0.95965
2.21351       0.939333
1.04614       0.763848
0.82509       0.274825
0.913106       0.938325
1.56224       0.973796
0.990588       0.907076
1.10433       0.964627
0.939197       0.816471
1.52003       0.94249
0.859563       0.907951
0.855201       0.859918
0.930349       0.79883
0.967591       0.960366
1.36757       0.96131
0.971823       0.960235
0.956151       0.37234
0.919108       0.940673
0.723465       0.942077
1.5789       0.960385
1.10165       0.924297
1.29041       0.971156
1.2099       0.891849
1.75121       0.941903
2.02493       0.775304
0.965927       0.951014
1.00045       0.618556
0.935555       0.853981
0.947751       0.799666
1.05809       0.757447
0.757928       0.945406
1.07409       0.838665
1.19678       0.938392
1.40644       0.954243
0.769747       0.919138
0.775675       0.854041
1.03906       0.799412
1.53081       0.898127
0.991099       0.952359
1.04554       0.95539
1.83879       0.782251
1.68219       0.966012
0.882095       0.937905
1.66887       0.945309
0.738748       0.892647
1.47563       0.900496
1.11877       0.804616
0.99501       0.897964
1.01855       0.97082
0.628792       0.70259
0.829264       0.441042
0.925898       0.900705
1.06622       0.904532
1.18708       0.96103
1.16054       0.972752
1.19146       0.921415
1.24203       0.953599
1.29469       0.837881
1.45341       0.871165
0.910824       0.805757
0.84836       0.775256
1.33776       0.924228
1.0832       0.984945
1.03084       0.963829
1.03524       0.757725
1.46481       0.928685
1.48945       0.949995
1.49348       0.883842
0.900387       0.956904
0.940583       0.962573
0.819736       0.473459
1.08346       0.948511
1.21702       0.924335
0.719064       0.930736
0.966047       0.868985
1.38335       0.866716
1.41841       0.989047
1.63366       0.926505
1.60959       0.952153
0.561985       0.502971
1.47462       0.937351
1.32799       0.70929
1.06237       0.88221
0.81831       0.88901
0.96166       0.826346
1.10444       0.87998
1.27442       0.964105
1.06679       0.982031
2.00301       0.928489
0.717833       0.710659
1.46705       0.991275
0.937574       0.985277
1.15157       0.834992
0.781217       0.869302
1.43006       0.922889
1.81172       0.928483
1.65265       0.955037
0.644342       0.639585
1.07079       0.91517
1.12288       0.923605
1.76715       0.95556
1.34958       0.922406
1.26208       0.915136
0.616958       0.460908
0.523737       0.655004
1.15671       0.810349
0.717014       0.587193
1.83847       0.94853
0.981259       0.822601
0.944856       0.982607
1.17188       0.954808
0.807804       0.905668
0.616131       0.769028
1.06539       0.979623
0.980542       0.911286
0.428683       0.313993
0.660009       0.522257
1.15705       0.98541
1.79519       0.927671
1.42903       0.972846
1.33674       0.830222
1.17136       0.828817
1.04994       0.90965
1.58407       0.962871
0.797619       0.92385
1.38122       0.946098
1.30127       0.844149
1.5812       0.864895
1.32696       0.932073
1.32349       0.965972
1.5682       0.965464
1.49855       0.960408
1.36283       0.908679
1.28431       0.955471
0.787173       0.825761
1.02716       0.924328
1.02011       0.957766
0.629798       0.775148
1.52056       0.884854
1.82762       0.886548
1.10264       0.965673
0.980708       0.939363
0.844754       0.8988
1.30018       0.970354
0.967575       0.94425
1.21719       0.951745
0.858951       0.926945
1.00297       0.943306
1.57161       0.991847
0.75373       -0.112747
0.963408       0.623602
1.04048       0.926884
1.33133       0.886651
0.745286       0.924469
0.978857       0.756582
1.08073       0.959254
1.04633       0.866859
1.50235       0.934467
0.527993       0.412335
1.09346       0.872947
0.997216       0.902991
1.08748       0.922353
1.31505       0.931822
1.66746       0.955944
0.720819       0.812126
0.904597       0.959603
0.876777       0.858693
0.925978       0.719648
0.989742       0.957953
1.21409       0.917771
1.22115       0.930376
1.14746       0.882097
0.577497       0.783946
1.2763       0.970145
1.17146       0.933756
1.24406       0.954127
1.32217       0.945705
0.789651       0.0782386
0.918001       0.868219
1.49518       0.925887
1.23147       0.904279
0.869245       0.94711
0.956376       0.978109
1.19858       0.955194
1.39974       0.952515
0.822994       0.599963
1.37598       0.867282
1.00515       0.931696
1.56894       0.884516
0.582249       0.69609
1.04391       0.579137
0.70905       0.715104
1.03153       0.991575
1.00181       0.584058
0.743955       0.646688
1.11042       0.954845
0.886589       0.832996
1.64186       0.980713
1.33043       0.944547
0.591308       0.628088
1.16698       0.783248
0.831996       0.781911
0.865733       0.891145
0.924374       0.925719
0.995644       0.949269
1.21109       0.961519
1.20632       0.901707
1.19396       0.757911
0.895193       0.521453
1.12277       0.92986
1.06349       0.796098
1.14599       0.967171
1.14622       0.922968
1.0192       0.928673
1.44249       0.936412
0.933991       0.853315
1.09622       0.902568
0.866337       0.925968
0.555952       0.922058
1.03473       0.962564
0.824095       0.84679
0.95541       0.986713
1.40553       0.932146
1.123       0.983828
0.796897       0.918918
1.00511       0.894418
0.962014       0.937572
1.11336       0.905337
1.14069       0.943362
1.76925       0.89422
0.903484       0.945004
1.09094       0.961723
1.65543       0.952254
0.923563       0.960904
1.17332       0.99188
0.57198       0.54357
1.02271       0.980213
1.71243       0.973892
0.958059       0.899316
0.976521       0.940087
1.01689       0.940961
0.986671       0.91771
0.653601       0.91582
0.819352       0.983607
0.949187       0.689612
1.19252       0.784558
1.27501       0.920824
0.659261       0.951607
0.520401       0.21423
1.01708       0.989481
1.00164       0.913409
1.59815       0.927948
1.06744       0.568752
1.29047       0.941647
1.38393       0.899525
1.33631       0.982876
0.880003       0.692094
1.58787       0.970127
1.5182       0.886578
1.15523       0.946106
1.40501       0.894706
1.31922       0.9252
0.634365       0.652708
1.51261       0.957751
1.47582       0.953452
1.20699       0.96166
0.735325       0.711976
1.31754       0.972371
1.15159       0.927211
0.945157       0.832727
0.777534       0.938094
1.26369       0.963272
0.831683       0.830359
1.00285       0.881075
1.31882       0.953913
0.842675       0.867884
1.54593       0.86697
0.833718       0.893074
1.20429       0.951027
0.512726       0.567762
1.6946       0.825805
0.989935       0.936393
0.796267       0.825481
0.829299       0.828235
1.31645       0.969195
1.00363       0.707872
0.994381       0.961276
0.77162       0.710826
0.871335       0.638487
0.893867       0.938184
1.39872       0.935004
0.989016       0.914766
1.38501       0.947338
0.898074       0.923063
0.981486       0.911075
0.749264       0.895821
1.5752       0.921878
1.23923       0.88731
1.33688       0.985971
1.47545       0.983972
0.541819       0.687656
1.19819       0.695685
1.51434       0.76622
0.777756       0.714447
1.29699       0.774722
1.27091       0.991697
0.934303       0.969753
1.84375       0.839415
1.28015       0.935318
0.892766       0.907962
1.55205       0.984349
1.28304       0.949521
0.979918       0.958988
1.65028       0.940374
1.25278       0.966168
1.43217       0.959524
0.670096       0.865835
0.958661       0.894761
0.814101       0.950793
0.560291       -0.014313
1.4056       0.941102
0.683907       0.752113
0.99909       0.979672
1.17551       0.895511
0.792739       0.817119
1.3584       0.938913
1.27986       0.926606
1.2852       0.860451
1.68566       0.92138
0.517862       0.803086
1.55647       0.925952
1.36014       0.940071
1.31235       0.921519
0.738041       0.947316
0.983118       0.970459
0.844659       0.844969
1.62037       0.913588
0.846439       0.897314
1.4523       0.871898
1.2001       0.988617
0.875591       -0.181583
1.35146       0.954436
1.24119       0.90362
1.36139       0.861067
0.751493       0.949358
0.742679       0.831402
1.4519       0.939169
0.916651       0.629121
1.10867       0.935344
1.68785       0.917654
0.971519       0.821351
1.10977       0.955909
1.11697       0.911383
1.12884       0.962824
1.45304       0.973104
1.65087       0.961961
1.1784       0.85599
1.09687       0.969601
1.05119       0.859264
1.50047       0.963405
1.46451       0.972008
1.2071       0.901281
1.80763       0.971366
1.51724       0.975478
1.58865       0.97515
1.34095       0.86951
0.873913       0.941348
1.01673       0.866975
1.36897       0.941328
1.84105       0.840707
1.16521       0.963122
0.940418       0.977836
0.914219       0.574937
1.59864       0.959388
1.1575       0.962151
1.01764       0.64706
1.55187       0.90863
1.20903       0.900978
1.4648       0.939256
0.761558       0.616751
1.54557       0.924022
1.16736       0.975766
1.45123       0.972602
1.08042       0.935005
0.790993       0.865353
0.955273       0.981997
1.50546       0.898377
1.41763       0.976731
1.83772       0.879844
0.875291       0.907661
1.44708       0.913826
0.56808       0.571318
1.01009       0.940136
1.77604       0.931304
1.05827       0.79312
0.973438       0.974253
0.872277       0.957288
1.27469       0.983395
1.22891       0.848583
1.10868       0.973879
2.10853       0.937684
0.907355       0.96576
1.31542       0.964191
0.887689       0.859502
1.79138       0.923661
0.938664       0.946426
1.04544       0.948545
1.24834       0.825209
0.982323       0.885246
0.911924       0.736232
1.13695       0.923961
0.791714       0.737967
1.31659       0.803152
1.66638       0.814895
1.21794       0.962493
1.55916       0.953041
1.37713       0.922757
0.822032       0.869757
1.50428       0.961354
1.90982       0.899587
1.41349       0.910346
0.967693       0.927592
1.66691       0.969206
1.27063       0.790526
1.49593       0.896106
1.05177       0.742163
1.77014       0.971651
1.41469       0.98943
0.811291       0.0584634
0.641204       0.766799
1.18778       0.821149
1.1081       0.954773
1.05861       0.935599
1.65709       0.977837
0.737691       0.824119
0.827644       0.839328
1.03628       0.874959
1.19129       0.967265
1.17423       0.967492
0.926295       0.909739
1.36135       0.935605
1.46338       0.944443
1.05095       0.978412
1.04835       0.888874
0.865197       0.901812
1.49575       0.937573
1.0042       0.982431
1.49196       0.98296
0.938537       0.971198
1.31733       0.963142
1.09695       0.954901
1.54125       0.960845
0.891817       0.963442
1.06185       0.880748
0.477257       0.740235
1.41348       0.920059
1.06478       0.95406
1.24755       0.969757
1.05241       0.933356
1.15078       0.955424
1.12745       0.902808
1.78539       0.934947
1.62366       0.945651
1.09909       0.940215
1.21499       0.974418
1.71263       0.927452
1.07043       0.987784
1.22277       0.978832
1.16063       0.949581
1.44982       0.894852
1.13667       0.983194
0.682313       0.926889
1.02203       0.660755
1.03531       0.922007
0.940603       0.882508
1.80343       0.944301
1.0395       0.953986
1.10186       0.944736
0.562265       0.676617
1.86012       0.787099
1.14795       0.898526
1.11237       0.88645
1.4956       0.958235
1.63852       0.869198
1.63296       0.958134
1.5146       0.956441
1.22531       0.806003
1.61527       0.968441
1.51637       0.87009
0.910411       0.944306
1.07749       0.92245
1.182       0.931806
1.25237       0.948195
1.21125       0.913
0.979591       0.941995
1.5693       0.834685
1.03334       0.904732
1.57096       0.994369
0.846849       0.600448
1.34565       0.910028
1.56621       0.929743
1.24906       0.94772
1.25484       0.900513
0.710595       0.743202
0.879721       0.642658
1.39461       0.807958
1.05674       0.91278
1.57705       0.932554
0.941782       0.733899
0.719967       0.725774
0.823685       0.872086
0.845957       0.89724
1.52171       0.982109
1.34039       0.869211
1.05764       0.909876
1.43057       0.811703
0.728233       0.914524
1.12811       0.885081
1.90508       0.964734
1.05171       0.960971
1.5718       0.929091
1.58002       0.945094
0.592789       0.791006
0.806956       0.859673
1.2993       0.912166
0.719687       0.660655
1.11851       0.934372
1.50344       0.892987
1.23312       0.964057
1.30181       0.96168
1.06899       0.978643
1.35366       0.994601
1.62083       0.941449
0.691642       0.854509
1.44503       0.983539
1.06265       0.974161
1.02749       0.983129
0.938575       0.880895
0.970031       0.919471
1.21883       0.799719
0.968855       0.767669
1.53268       0.936522
1.4312       0.930312
1.11205       0.971806
1.48495       0.877104
0.87131       0.865203
1.1683       0.903661
1.68673       0.909221
1.01402       0.918647
0.861096       0.856844
2.12614       0.955771
1.47967       0.86089
1.14834       0.916835
1.97447       0.892031
0.858909       0.673499
1.74665       0.872061
0.998633       0.887231
1.43128       0.943921
1.0245       0.885148
0.933816       0.943601
0.60423       0.534968
1.60718       0.941613
0.969894       0.954764
1.13712       0.880027
0.909762       0.83833
0.753514       0.971854
1.66524       0.940345
1.25958       0.935034
1.93274       0.951494
0.987297       0.967504
1.75062       0.9453
1.03046       0.926809
1.2278       0.855263
1.43164       0.778468
0.887275       0.942837
0.794749       0.938921
1.11197       0.379075
1.53349       0.913587
1.15682       0.96952
1.31035       0.857723
1.39724       0.950536
1.65653       0.970329
0.97359       0.788072
1.05822       0.920579
0.889658       0.979377
1.37763       0.902959
0.715448       0.841518
0.938356       0.925122
0.962098       0.783507
1.19561       0.466408
0.927024       0.856741
1.15061       0.968483
1.58254       0.965912
0.749555       0.82991
1.25601       0.905042
0.617881       0.794322
2.12304       0.892692
0.822114       0.642109
0.760469       0.948302
1.75513       0.924309
1.27736       0.975911
1.23823       0.917779
0.960408       0.848054
1.01174       0.94611
1.51881       0.9637
1.40295       0.946482
0.861355       0.858313
1.7504       0.923863
1.20475       0.865561
0.686407       0.561171
0.954644       0.944081
1.23641       0.948337
0.980491       0.953824
1.30287       0.951279
0.921621       0.873644
1.31702       0.901633
1.27558       0.890054
1.36537       0.962669
1.21153       0.946621
0.672246       0.565995
1.34263       0.956844
1.3478       0.947247
1.47847       0.958169
0.979354       0.821931
1.03578       0.945413
1.86238       0.941987
1.51962       0.977672
0.665414       0.868695
1.48424       0.964089
0.975502       0.877059
0.822261       0.887469
1.25142       0.976651
1.56186       0.912579
1.30185       0.892934
0.771138       0.716861
1.20509       0.950792
1.26082       0.975692
0.938477       0.771058
0.781722       0.897783
0.543574       0.435727
1.52269       0.954966
0.812186       0.791898
0.841794       0.617542
1.82165       0.894835
0.611054       0.57027
1.72816       0.963004
0.722913       0.66276
1.12184       0.697735
1.34398       0.924752
1.36089       0.982831
0.651042       0.594286
0.836187       0.892886
1.31708       0.885911
0.929223       0.971517
1.42289       0.961035
0.811545       0.696961
1.07177       0.954513
1.0972       0.965157
1.81993       0.860358
2.23678       0.888861
1.50259       0.967755
0.650017       0.344414
0.779577       0.880928
1.06817       0.957942
0.982224       0.894718
1.35628       0.966887
0.609236       0.961547
1.4027       0.982717
1.12217       0.775092
0.602869       0.777124
0.686892       0.874273
1.23071       0.743965
0.857578       0.943556
1.61619       0.959662
0.816781       0.817326
0.82896       0.69531
1.33503       0.876069
1.08249       0.929474
1.42521       0.980928
1.20366       0.984768
1.34327       0.928754
1.05865       0.971757
0.669254       0.486007
1.4554       0.963378
1.4161       0.919523
1.64059       0.945369
1.86155       0.972411
0.848514       0.905797
1.15173       0.871557
0.691176       0.91823
0.901378       0.708267
0.873609       0.711437
0.912594       0.947292
1.06638       0.827026
1.02235       0.872862
0.827109       0.892962
2.54846       0.923854
0.691843       0.766288
0.944981       0.940444
0.830418       0.793987
1.16781       0.837341
1.15026       0.907966
1.8507       0.877746
1.13576       0.828669
0.958204       0.866237
0.63166       0.852512
0.93429       0.976361
0.836992       0.680756
0.879153       0.937536
0.924719       0.790488
1.44052       0.932855
1.30503       0.958163
1.17553       0.9041
0.998141       0.655901
0.962657       0.738664
0.667288       0.436898
1.31538       0.787817
1.15869       0.909545
1.44802       0.974955
0.561318       0.62419
1.31124       0.913078
1.55729       0.814226
1.01919       0.878346
1.20823       0.908854
1.361       0.977997
1.08778       0.900706
1.438       0.96798
0.700402       0.896994
1.90477       0.941602
1.01636       0.870576
1.66467       0.90668
0.867003       0.825961
0.811021       0.87354
0.905739       0.883839
1.17185       0.939823
1.12695       0.867852
1.73797       0.91033
1.05899       0.812814
0.648625       0.951422
1.4359       0.9292
1.28085       0.957308
1.36431       0.974086
0.798862       0.8244
1.35098       0.969433
0.803714       0.904379
1.17321       0.85104
0.978416       0.887801
1.56132       0.904479
1.73037       0.948135
1.26472       0.976116
1.59004       0.724357
1.03338       0.771634
1.39812       0.932121
1.10538       0.957789
1.52849       0.899475
0.931385       0.854564
1.6113       0.960459
1.17853       0.975262
0.954575       0.769566
1.94434       0.952715
1.06447       0.93374
1.30204       0.965799
0.856366       0.942952
1.19323       0.963357
1.44793       0.958682
1.12598       0.895986
1.20444       0.943922
0.750148       0.958844
1.32624       0.959081
1.42819       0.941214
1.59187       0.943515
1.0725       0.947541
0.891048       0.680894
1.07627       0.907401
1.01123       0.771896
1.3873       0.920146
1.15247       0.970799
1.00345       0.985771
0.67511       0.739494
0.786228       0.954308
1.22629       0.961878
1.40547       0.954952
1.30924       0.982677
0.746699       0.904308
0.96657       0.965242
1.16403       0.979941
1.13755       0.908953
0.959612       0.88636
1.10211       0.963487
1.33859       0.963727
0.776231       0.709654
1.68733       0.943466
1.71063       0.934926
1.29892       0.979446
1.18859       0.951948
1.24992       0.956885
0.844401       0.816227
1.32933       0.656328
1.25951       0.855966
1.09493       0.883089
1.06381       0.826124
1.34046       0.974178
0.711416       0.840599
1.48085       0.931723
1.24353       0.938268
1.14951       0.987234
1.10296       0.845965
0.933151       0.985473
1.20696       0.788257
0.641574       0.161001
1.65073       0.90089
1.61994       0.957027
1.80867       0.950436
1.04654       0.957316
1.51641       0.970721
0.836309       0.93826
1.18817       0.873254
1.48704       0.929418
1.51136       0.908196
0.750777       0.884763
0.877679       0.953004
1.52943       0.92503
0.838564       0.796887
1.74259       0.913882
1.12415       0.906344
1.31993       0.882369
1.47872       0.93588
0.731584       0.382443
0.881124       0.325848
0.631761       0.663109
0.839174       0.943223
0.820593       0.428054
1.04281       0.975686
1.21211       0.773914
0.931282       0.958444
0.899088       0.949644
0.713947       0.878147
1.38753       0.889198
1.15181       0.919786
1.38109       0.940217
1.07169       0.891926
1.75418       0.968932
0.698916       0.775526
0.682545       0.25065
0.684563       0.823046
0.728327       0.852265
1.95112       0.895841
0.960323       0.963155
1.18476       0.885718
1.04662       0.864538
1.02564       0.963099
1.81549       0.938147
0.818663       0.894659
1.25724       0.8745
1.33518       0.928367
1.11097       0.962161
1.2699       0.919832
1.57633       0.89524
1.16208       0.95508
0.783686       0.911132
1.14061       0.976289
1.26284       0.879119
1.20654       0.826544
1.34783       0.872219
1.33276       0.945791
0.515459       0.817109
1.41039       0.962959
0.754087       0.832667
1.10694       0.880937
0.895579       0.752956
0.794479       0.882113
1.20673       0.983486
0.739442       0.890454
1.13345       0.964656
1.25381       0.851179
1.00128       0.962221
1.63914       0.936713
1.13265       0.923628
1.37127       0.963499
0.993742       0.928007
1.70968       0.928434
0.635054       0.576594
1.07316       0.8904
0.996848       0.899421
1.11171       0.980962
1.69541       0.969369
0.890133       0.852869
0.941904       0.890391
0.866906       0.750917
1.6008       0.941336
1.19415       0.909252
0.647609       0.53455
1.03686       0.901642
0.875535       0.810601
1.21351       0.945653
1.05317       0.960724
1.35125       0.978781
0.914321       0.740953
1.05274       0.767067
1.40623       0.983387
1.35777       0.942625
1.60238       0.890014
1.23381       0.872474
0.895909       0.857889
0.752769       0.838446
1.06666       0.929148
1.18361       0.940964
1.64997       0.961492
1.01756       0.943142
1.35559       0.945261
1.82598       0.919543
1.2973       0.912916
1.2655       0.962996
0.935716       0.876682
0.701818       0.667862
2.38218       0.912363
1.13399       0.988222
1.02906       0.924288
0.721437       0.912458
0.831862       0.951959
0.940253       0.478221
1.36927       0.898006
1.15484       0.945244
1.43511       0.956164
0.666947       0.86622
0.735894       0.598374
1.26613       0.747101
0.881031       0.0421914
1.72836       0.93531
0.928491       0.989316
0.796669       0.747255
1.6293       0.916936
1.40272       0.949375
1.34264       0.92575
0.784601       0.888247
1.00217       0.979768
1.20086       0.929333
1.12343       0.832627
1.27692       0.915648
1.5728       0.95566
0.551114       0.567311
0.872796       0.705022
1.47193       0.974624
1.37268       0.919833
1.05149       0.935608
1.35648       0.958243
0.907926       0.907179
1.20535       0.738231
0.760225       0.82425
0.975383       0.885967
1.18865       0.939557
1.39217       0.992052
1.06957       0.601153
1.26694       0.917411
0.557241       0.470074
1.75342       0.903624
1.06462       0.960506
0.774177       0.952347
1.60886       0.953312
1.90195       0.97615
1.64958       0.892894
1.38765       0.955866
0.744946       0.905494
1.5478       0.848435
0.970928       0.859071
1.68866       0.957359
0.981945       0.876567
0.887143       0.928025
1.46985       0.939272
1.49539       0.954588
1.4507       0.973161
1.71447       0.899969
0.924174       0.934305
1.16249       0.844888
1.4011       0.953325
0.861444       0.94786
0.528129       0.938016
0.745359       0.954646
0.938913       0.909787
0.689273       0.745419
0.818479       0.967438
0.953609       0.921772
1.32017       0.970222
1.30601       0.823143
0.989161       0.860525
1.01394       0.988534
1.02124       0.949958
1.54894       0.869319
1.12983       0.960202
1.33048       0.586915
1.12957       0.954372
1.32655       0.834325
1.25912       0.938698
1.22525       0.929075
1.12669       0.873627
1.59605       0.885493
1.29169       0.941989
1.44411       0.94308
1.18636       0.887273
1.51857       0.983733
1.17104       0.91118
1.09837       0.849979
1.15511       0.976963
0.825875       0.857625
0.742043       0.916842
0.543872       0.449031
1.54905       0.936711
1.43259       0.96692
1.51801       0.865819
1.15847       0.966543
1.68963       0.952046
0.895481       0.925545
1.4556       0.964583
1.03438       0.919332
1.16309       0.890995
1.1186       0.786566
0.7153       0.910794
1.14094       0.851816
1.91593       0.94259
0.788138       0.743703
1.25916       0.836395
0.737083       0.361149
2.15762       0.940579
1.91599       0.944919
1.16317       0.872599
0.897226       0.929385
0.763991       0.95275
1.2374       0.906475
1.19117       0.954352
1.361       0.954279
1.07695       0.884473
1.67866       0.886087
0.812277       0.72713
1.54308       0.942244
0.646325       0.939679
1.39993       0.95805
1.59624       0.948839
0.833666       0.914965
1.62105       0.907934
1.48469       0.950706
0.990275       0.97362
1.49769       0.887871
0.977714       0.740142
0.927945       0.982819
1.3055       0.573384
1.03211       0.901849
1.4211       0.95096
1.5764       0.96474
1.22458       0.986918
0.647161       0.356874
0.911216       0.185375
0.51821       0.745837
1.28568       0.975021
0.670924       0.631028
1.02048       0.991674
0.847341       0.953184
0.877907       0.779696
2.15606       0.922186
1.16595       0.87388
1.0093       0.87015
1.36982       0.961187
0.895545       0.863092
0.794477       0.843419
1.30677       0.990262
1.8385       0.920717
1.09977       0.857185
0.899329       0.808432
1.86088       0.941626
0.820444       0.869993
1.07975       0.79203
1.63714       0.935631
1.3028       0.952707
1.0299       0.949809
1       1
