0.877665       0.823887
1.13764       0.82689
1.06836       0.99143
1.30907       0.981507
1.17481       0.954694
1.16795       0.932343
1.02896       0.88425
0.883354       0.935663
0.945846       0.979416
1.26844       0.973089
1.07741       0.923807
1.02058       0.986227
1.09228       0.974988
0.981664       0.988217
1.39752       0.93134
0.838405       0.904488
1.02241       0.987248
1.16151       0.973074
1.13969       0.990717
1.08797       0.968759
1.36266       0.956888
1.15806       0.988183
0.49425       0.208029
0.721125       0.938341
0.499951       0.776563
0.907404       0.915222
1.06606       0.98572
0.913582       0.806253
1.01185       0.992
1.00014       0.788113
1.45048       0.97198
1.19193       0.981275
1.27023       0.966436
1.11179       0.972155
0.804077       0.871904
1.06858       0.906789
1.24371       0.758156
1.40147       0.941682
0.700965       0.89911
0.909751       0.794835
0.90174       0.923096
1.01435       0.985132
0.978862       0.972151
1.24985       0.947564
0.950263       0.92062
1.28251       0.947391
1.24601       0.870067
1.38735       0.934098
1.02257       0.968326
0.849397       0.907298
0.724767       0.941791
0.716695       0.911886
0.695479       0.65042
1.32877       0.959407
1.65867       0.904929
0.786497       0.920064
1.27538       0.902162
0.788594       0.89487
1.09861       0.944777
1.04954       0.859602
1.20891       0.971649
1.26559       0.968745
0.831286       0.818543
1.41027       0.94976
0.98529       0.962644
1.00506       0.839843
0.76124       0.920357
1.10828       0.952537
1.10726       0.984236
1.65842       0.957391
1.69166       0.977707
1.1592       0.974181
1.40527       0.962902
1.15499       0.958724
1.2759       0.986153
1.27353       0.961971
1.07135       0.962612
0.799587       0.95986
1.03029       0.898227
1.31588       0.93006
1.55107       0.943447
1.39375       0.960388
1.5097       0.965482
1.05205       0.8403
1.46809       0.978578
1.15542       0.921548
0.985939       0.931082
1.22797       0.924463
0.821651       0.886427
0.989159       0.917473
0.903348       0.975682
1.00793       0.965803
1.45858       0.985275
1.26327       0.974217
1.12406       0.915776
0.906229       0.862312
0.743721       0.812523
1.56693       0.825938
0.508709       0.751169
1.01992       0.990127
1.23168       0.959078
1.41265       0.955741
1.59376       0.936724
0.929051       0.815505
1.34764       0.956012
0.539315       0.785518
1.49931       0.978002
1.58594       0.977267
1.32873       0.958983
0.903627       0.921453
0.968297       0.963537
1.4426       0.863195
1.09755       0.8566
1.1134       0.932783
0.877881       0.956442
0.983391       0.947034
0.888263       0.884462
1.48143       0.983126
1.06771       0.984337
0.949802       0.952606
0.895808       0.981534
0.801009       0.934056
0.924982       0.895207
0.95488       0.895011
1.0634       0.97009
1.11659       0.96532
0.808162       0.826869
0.868467       0.795456
1.05589       0.95444
0.933958       0.966742
0.944249       0.966524
0.959357       0.949467
0.901083       0.487018
1.05176       0.97063
1.04468       0.792601
0.930157       0.937934
1.35524       0.980662
1.08983       0.869174
1.2273       0.958574
1.66923       0.874365
1.19495       0.979633
0.93855       0.740279
1.32677       0.98481
0.900991       0.973486
0.879065       0.963449
1.22382       0.973879
0.909154       0.95396
0.846605       0.937683
1.05413       0.987972
0.962911       0.786784
1.13778       0.952576
1.33793       0.889896
1.08479       0.925145
0.952735       0.920497
0.866896       0.957558
0.993379       0.964295
1.48289       0.961043
0.898341       0.929131
0.832462       0.981791
1.51694       0.975733
1.1124       0.814533
1.16485       0.927667
0.790743       0.961356
1.02975       0.777648
0.937077       0.928723
0.510632       0.603026
1.25868       0.841155
1.287       0.990276
1.61777       0.962252
0.964424       0.974704
1.10673       0.94608
0.910393       0.928049
0.908712       0.71962
1.46255       0.929285
0.726966       0.694467
1.42675       0.990481
1.03323       0.862434
0.990517       0.914193
1.15042       0.862381
1.03415       0.970694
1.37268       0.948104
0.867057       0.983682
1.2034       0.921923
1.38997       0.971644
1.3686       0.966802
1.25878       0.946231
1.13986       0.931072
1.04774       0.970786
1.48373       0.93663
0.879406       0.961328
1.21543       0.925001
0.937797       0.894134
1.26999       0.917172
1.44056       0.934102
1.32016       0.950452
1.14984       0.949098
1.17132       0.90725
1.05391       0.969423
1.42608       0.939534
1.24697       0.952796
1.32519       0.934451
1.86208       0.967006
1.39739       0.990504
1.2309       0.980796
1.43508       0.975786
1.31967       0.973654
1.00529       0.917589
0.93361       0.691914
1.42636       0.958356
0.705629       0.797422
1.08607       0.862073
1.34732       0.980426
1.25313       0.948072
1.7643       0.954911
0.893146       0.812827
0.994953       0.920138
0.759974       0.963001
1.0859       0.966825
1.65852       0.917878
0.95125       0.940974
1.14879       0.908534
1.16979       0.970731
1.01797       0.563799
1.01916       0.95027
1.04463       0.900825
0.949889       0.906204
1.26365       0.940778
1.35953       0.979232
1.23156       0.959428
1.00984       0.958789
1.08597       0.968776
0.919008       0.936755
1.06778       0.979507
0.756003       0.89677
1.19636       0.980028
1.22739       0.957721
1.33998       0.951311
1.19962       0.954549
0.90214       0.979929
1.145       0.995537
1.4094       0.887611
1.3398       0.960885
0.981447       0.891487
1.06407       0.958019
1.01098       0.86574
0.832621       0.925242
0.675331       0.841033
0.822682       0.914702
0.82232       0.889959
1.0413       0.938322
0.93515       0.966837
0.923753       0.855101
0.765055       0.826918
0.805007       0.928341
1.42374       0.975476
1.0482       0.931301
0.957896       0.955239
0.93119       0.946864
1.05618       0.944868
1.17715       0.919929
1.124       0.905859
0.627979       0.91442
1.06155       0.92706
1.08601       0.921897
1.20681       0.976365
1.00336       0.903354
1.19761       0.914356
1.70278       0.968474
1.19617       0.945356
1.09728       0.959443
1.46559       0.973536
0.956672       0.716892
1.78639       0.946156
1.18716       0.928538
1.01958       0.973466
0.789969       0.952559
1.66115       0.941472
0.808741       0.898532
1.15927       0.970581
1.00815       0.976695
1.3861       0.979357
1.32137       0.986969
0.990829       0.972308
1.28913       0.835987
0.967008       0.975403
0.877593       0.899237
1.10437       0.984124
1.62514       0.961232
1.264       0.974978
1.33614       0.987833
0.676834       0.924129
1.16865       0.904034
1.33456       0.984043
1.20471       0.951025
0.817846       0.974345
0.780595       0.853913
1.50409       0.935405
1.19995       0.984295
1.15361       0.991439
1.18566       0.97363
1.28891       0.985238
0.897004       0.981569
1.31976       0.973906
1.19269       0.621272
1.03491       0.956577
1.08243       0.978139
0.954932       0.936599
1.34246       0.97347
1.22099       0.522112
1.18159       0.979446
1.56677       0.971425
1.41788       0.964369
0.535691       0.770429
1.45158       0.976849
1.35538       0.976803
1.84509       0.84799
1.35395       0.990544
1.07949       0.712142
0.798823       0.968018
1.11216       0.772437
1.36182       0.902439
0.448025       0.513129
0.815308       0.902484
1.2114       0.973711
1.52712       0.952202
0.729975       0.880406
0.845367       0.916285
1.40865       0.970462
1.1069       0.39126
1.47998       0.984157
1.16957       0.949106
1.20544       0.911149
1.07046       0.829261
0.783259       0.88868
0.912615       0.966215
1.09742       0.963278
1.00757       0.955365
1.12001       0.950019
1.03852       0.794872
1.44081       0.988819
1.25226       0.673279
0.943861       0.943786
1.25755       0.976443
1.1367       0.897285
1.34015       0.899793
1.05134       0.69483
0.876315       0.85487
0.797626       0.941738
1.40011       0.986403
1.53285       0.993487
0.701147       0.928218
1.09665       0.87279
1.09493       0.957455
1.13414       0.800746
1.38535       0.983259
1.46307       0.961866
1.19954       0.931246
0.942794       0.96263
0.932703       0.921718
0.91495       0.971007
0.970077       0.975324
0.913417       0.980763
1.29378       0.963788
0.985664       0.951609
0.763109       0.982111
1.23524       0.9531
0.983171       0.886059
1.1465       0.952461
0.996546       0.925867
0.981472       0.933857
0.884013       0.972139
1.00569       0.957271
0.805504       0.969388
0.854662       0.984798
1.86497       0.966701
0.880736       0.94036
1.34124       0.96471
1.19655       0.957512
0.944887       0.91504
1.00091       0.936218
1.32876       0.921081
1.09635       0.905582
0.888511       0.900524
1.23736       0.923264
1.19445       0.981415
1.10165       0.944201
0.595811       0.449038
0.693958       0.910035
1.58411       0.970288
0.842676       0.92631
0.907432       0.922628
0.988624       0.978308
0.953215       0.949053
1.3467       0.967177
1.25896       0.963854
1.47098       0.989273
1.0801       0.870793
0.941678       0.914696
0.976994       0.917504
0.948348       0.925543
1.45046       0.891819
1.22386       0.938641
0.981177       0.972029
0.565217       0.867091
1.80432       0.952055
1.53225       0.930571
1.27979       0.939351
0.857035       0.946677
1.12948       0.964036
1.29884       0.959125
1.1833       0.91556
0.955604       0.722451
1.52019       0.976543
1.03278       0.993619
0.908318       0.95754
0.970009       0.975666
1.20967       0.755586
0.916445       0.951766
1.08412       0.971146
0.991487       0.944415
1.27971       0.983279
1.34921       0.925134
0.988009       0.98225
1.26156       0.965721
1.07774       0.96645
0.833301       0.972542
0.778298       0.875518
1.02227       0.866426
1.20684       0.955139
1.25445       0.984194
0.835246       0.898559
1.1209       0.921996
1.06813       0.869016
1.02581       0.977137
1.12683       0.927552
1.21134       0.885924
1.10758       0.954743
1.01924       0.979489
0.874642       0.948087
0.868316       0.82346
0.774589       0.9624
0.883278       0.910791
1.17603       0.960154
1.30347       0.892935
0.733981       0.953548
0.681043       0.930624
1.72912       0.867405
1.6571       0.966895
1.04668       0.940894
1.16468       0.986649
1.49918       0.939378
1.28628       0.952001
1.25035       0.905187
1.01472       0.986338
1.34166       0.944212
1.41413       0.727041
1.18545       0.911643
1.1659       0.968234
0.652982       0.741901
1.34752       0.929482
1.38297       0.953481
0.815331       0.97911
0.889998       0.808969
0.706253       0.781622
1.03949       0.564428
0.857588       0.841281
1.19207       0.975147
1.34895       0.97837
1.0079       0.921526
0.730869       0.861487
1.19645       0.954904
0.856126       0.856705
1.16049       0.987131
1.22125       0.766703
1.75003       0.976587
1.23184       0.977215
1.09203       0.956689
1.30958       0.949659
0.840006       0.940677
1.45511       0.963077
1.16561       0.868181
1.21436       0.908716
1.18633       0.914631
1.22949       0.9658
0.814189       0.897013
0.849056       0.920396
1.26426       0.947945
1.35637       0.916508
1.12895       0.904502
1.26612       0.789873
0.764885       0.935386
1.17078       0.946691
1.28071       0.991211
1.08781       0.868057
1.1585       0.991572
1.08363       0.934645
0.828235       0.591986
0.70339       0.951377
0.763886       0.94992
0.928937       0.892541
1.3146       0.951674
1.11936       0.849712
1.09233       0.929078
1.24638       0.97176
1.38271       0.971624
1.35895       0.883203
1.02893       0.932762
0.710652       0.857679
0.910591       0.935982
1.7134       0.957014
1.91858       0.951823
0.946451       0.93607
1.09295       0.95271
1.03516       0.959501
0.717222       0.936377
1.40811       0.954638
1.54167       0.948736
1.26033       0.872633
0.982774       0.921713
1.52093       0.959483
1.32173       0.817014
0.8731       0.98613
1.25055       0.919016
1.19615       0.929438
0.877468       0.976274
1.30029       0.961995
1.3456       0.844258
0.979906       0.972876
1.75665       0.979566
1.29395       0.992297
1.65445       0.97906
1.25051       0.940302
0.995989       0.89745
1.14713       0.905568
1.35541       0.97369
0.943869       0.92698
1.12166       0.975616
0.770848       0.928901
0.809485       0.782674
1.1542       0.75994
0.836735       0.969559
1.00364       0.882948
0.979896       0.78291
1.03809       0.973654
0.928453       0.942282
1.09294       0.979278
1.03143       0.976774
0.992084       0.893379
1.15661       0.966473
1.16151       0.959837
1.46531       0.969592
1.30626       0.990382
1.08055       0.934936
0.706958       0.929291
0.848529       0.939289
1.12337       0.940223
1.08379       0.964527
1.05789       0.976846
1.73359       0.972217
1.45028       0.910153
0.696039       0.972805
1.10984       0.955534
1.41242       0.94776
1.01841       0.838737
1.16944       0.97072
1.25687       0.990258
1.4519       0.974278
0.976534       0.983393
1.42502       0.903202
1.25461       0.976405
1.22122       0.954814
1.63881       0.961117
0.944957       0.957054
1.48371       0.956292
0.931058       0.894371
1.09835       0.917712
1.22216       0.989428
0.830447       0.750454
1.21313       0.917231
1.31178       0.948491
1.00868       0.814454
0.665338       0.82024
1.0329       0.886321
0.672943       0.95801
0.996753       0.894784
1.09006       0.942085
1.27034       0.947874
0.881397       0.809991
0.948663       0.946402
1.57438       0.95911
0.940522       0.913433
0.903799       0.98126
1.06009       0.972599
0.744135       0.951942
0.936595       0.966094
1.09625       0.947072
1.21781       0.983826
0.8502       0.943339
1.18975       0.687397
1.50837       0.996085
0.703395       0.820295
1.34754       0.972814
1.33475       0.901895
1.05568       0.947253
1.26074       0.92586
0.837164       0.942665
1.19094       0.983455
1.2374       0.984555
1.2209       0.886392
1.51627       0.975697
0.738149       0.922382
0.979089       0.919504
1.5113       0.981826
0.870963       0.942093
1.134       0.940146
1.18171       0.969827
1.3742       0.790001
1.76891       0.959837
1.16811       0.965683
1.39375       0.971486
1.23987       0.976663
1.28991       0.864365
1.38523       0.806639
1.17092       0.934478
1.06687       0.836867
1.36538       0.930783
0.824901       0.968179
1.16921       0.933864
1.3205       0.971674
1.3818       0.962206
1.07057       0.971891
1.12768       0.982211
1.00672       0.920798
0.957974       0.753039
0.727053       0.786755
1.0438       0.849864
0.67535       0.592147
0.970209       0.983564
1.2308       0.964032
1.42559       0.961374
1.14136       0.899037
1.05307       0.941982
1.59989       0.952831
1.09441       0.915925
1.00031       0.944903
1.27311       0.903429
1.41035       0.925948
1.24248       0.961271
1.46501       0.668454
1.46812       0.938909
0.780354       0.926116
1.24487       0.983929
0.873149       0.962371
0.77907       0.915079
1.03795       0.976866
0.928146       0.926087
0.85132       0.984533
1.20828       0.914651
1.32935       0.983018
0.801397       0.900445
1.12908       0.984096
1.93613       0.987116
1.04643       0.781602
1.38284       0.878932
1.15962       0.945811
1.34949       0.939418
0.636163       0.940939
0.850418       0.724877
1.17991       0.975331
1.19487       0.987589
1.44917       0.977628
1.48118       0.91297
0.903153       0.603037
0.917907       0.950075
1.04842       0.970057
1.18736       0.964469
0.958243       0.860609
1.59205       0.898928
1.01163       0.962495
0.889678       0.907239
0.76621       0.791353
1.08785       0.958827
1.2151       0.988363
1.07252       0.965415
1.58449       0.98535
1.44758       0.982792
0.696441       0.793511
0.930155       0.383136
0.947972       0.98536
1.65775       0.956488
1.18563       0.972975
1.26862       0.95394
1.26177       0.955473
1.09607       0.919025
1.21505       0.925319
1.36169       0.973204
1.2802       0.883533
1.0887       0.941756
0.782444       0.968583
1.43795       0.971993
1.1423       0.925819
1.0029       0.911596
1.29468       0.98276
0.563541       0.774666
1.23219       0.961624
1.27052       0.927642
0.881983       0.725981
1.15444       0.745924
1.03787       0.984059
1.25471       0.799213
1.462       0.943875
1.61966       0.985656
1.1684       0.928491
1.95206       0.966475
0.935452       0.916979
0.7758       0.667274
0.989142       0.827224
1.14979       0.968125
1.154       0.974189
1.03215       0.964043
1.12335       0.926775
1.06617       0.961072
1.12273       0.977794
1.5474       0.986406
1.09487       0.964262
0.90132       0.877666
0.906824       0.800394
1.2498       0.912765
0.958566       0.90892
1.30903       0.912359
0.864748       0.87369
1.08858       0.686618
0.936607       0.960189
1.30303       0.970225
1.03904       0.92663
1.34165       0.982171
1.2802       0.982756
1.18023       0.928915
1.42596       0.949718
1.56208       0.979162
0.881583       0.884471
1.31911       0.968392
1.08243       0.985712
1.50082       0.954009
0.920506       0.969332
0.771821       0.890791
0.607896       0.907696
1.26888       0.954964
0.931303       0.94842
1.52091       0.955579
1.41383       0.977753
0.949741       0.952131
1.40279       0.957542
1.22168       0.979994
0.999861       0.953295
0.737353       0.880563
1.33704       0.939661
0.906426       0.95762
1.60622       0.986597
1.22181       0.951008
1.22815       0.94925
0.777394       0.944435
1.22829       0.95308
0.885836       0.983018
0.829325       0.963948
1.06999       0.95746
1.2735       0.932419
1.44384       0.972024
1.12187       0.899591
1.17853       0.978867
1.13501       0.957492
1.1095       0.947058
0.91572       0.91097
0.667065       0.66818
1.00249       0.960521
1.41561       0.8967
1.07824       0.97902
0.9253       0.892938
0.972319       0.935207
1.5414       0.956852
0.725559       0.949164
1.40308       0.994507
1.11685       0.920857
1.39953       0.975848
1.03068       0.928014
1.47955       0.980035
1.03453       0.737803
0.927939       0.974136
1.28056       0.956766
0.914693       0.950167
1.30647       0.990802
1.58949       0.935344
1.30705       0.977465
1.21462       0.967885
0.62965       0.905125
1.36973       0.978871
0.783135       0.672397
1.25996       0.935186
0.804866       0.94579
1.14986       0.887816
1.26401       0.94716
1.42796       0.944314
1.16932       0.733819
1.23719       0.966426
1.32142       0.972269
1.1741       0.957194
0.970519       0.824244
1.06759       0.957556
1.04391       0.949283
0.94208       0.953105
1.51728       0.969375
1.4474       0.978441
1.29743       0.940488
1.12542       0.973977
0.906045       0.88131
1.32806       0.972238
1.42618       0.959384
1.36733       0.968834
1.1072       0.963194
0.958789       0.97237
0.997817       0.978884
1.44527       0.941339
1.21437       0.863743
1.44099       0.919303
0.898366       0.939869
1.01828       0.939576
0.963739       0.896319
0.816279       0.97078
1.07758       0.975934
1.171       0.949777
1.23504       0.990351
1.56924       0.92279
0.823087       0.915049
0.990944       0.79397
1.06929       0.946643
0.906768       0.967179
0.93754       0.952053
1.07028       0.974113
1.08383       0.908371
1.33157       0.729589
0.881874       0.888505
0.927334       0.948723
1.26623       0.782405
0.803112       0.91157
1.26834       0.937226
1.14325       0.965268
0.810667       0.8566
1.20541       0.964116
1.41465       0.941405
1.0556       0.947245
1.51944       0.979935
1.23327       0.925072
1.59935       0.982884
1.11387       0.961224
1.06762       0.901811
1.46548       0.962978
1.16682       0.946009
0.882125       0.926005
1.33255       0.80348
0.999806       0.978906
1.50796       0.97084
1.31198       0.962646
0.922725       0.920896
1.55007       0.943347
0.981142       0.905037
0.45071       0.879543
1.04841       0.89201
0.86582       0.960669
0.929822       0.904295
1.04234       0.751703
1.10654       0.946307
1.56582       0.97451
1.25474       0.963648
1.02915       0.961859
1.17212       0.961251
1.00708       0.824389
0.784363       0.969973
0.970588       0.555529
1.0437       0.95311
1.45821       0.810847
1.50453       0.940432
0.998226       0.927883
1.07621       0.927688
1.12103       0.979717
1.36867       0.927353
1.25499       0.986334
1.27646       0.944009
1.48108       0.989263
0.96341       0.95581
1.02426       0.927942
0.952843       0.970247
1.00244       0.955832
1.39329       0.969362
1.20624       0.959498
1.00981       0.982522
0.924755       0.926019
1.0018       0.93219
0.726165       0.702346
1.14446       0.899315
0.977295       0.886171
0.829334       0.961159
1.34808       0.957259
0.897124       0.978359
0.831501       0.94649
1.02673       0.956225
0.706217       0.738698
1.26345       0.984093
1.23591       0.909293
0.762904       0.94027
1.143       0.944456
1.22534       0.974607
1.52018       0.959643
0.927657       0.880935
0.972649       0.91921
1.31526       0.968781
1.12751       0.916206
1.09149       0.982565
1.2689       0.953354
1.35169       0.94492
1.32452       0.974118
1.33051       0.967487
1.04323       0.949929
1.31121       0.92826
1.08892       0.97667
1.36976       0.973935
1.11831       0.953705
1.37254       0.925769
0.872669       0.740667
0.970497       0.955183
1.38133       0.968654
1.03637       0.973032
1.28033       0.963509
0.946605       0.861624
1.1015       0.972298
0.854419       0.902563
0.961499       0.894999
0.813845       0.766556
0.928686       0.938881
0.971081       0.944885
1.56242       0.941846
1.522       0.977764
1.07761       0.98333
1.42015       0.928564
1.27997       0.980355
1.30539       0.978882
1.32528       0.994381
1.47392       0.987897
1.3327       0.943096
1.19475       0.96799
1.49274       0.958795
1.60529       0.974395
1.19132       0.977005
1.25794       0.986263
1.09581       0.941916
1.10341       0.977253
1.34869       0.992526
1.44987       0.979722
1.04673       0.961673
1.32664       0.98452
1.15277       0.988516
0.916977       0.976134
0.787644       0.678564
1.15563       0.993546
1.29557       0.967872
1.19931       0.956598
1.18781       0.951769
1.54233       0.854884
0.88036       0.907334
0.848652       0.922328
1.36466       0.985048
0.99049       0.961824
1.1534       0.968446
0.567633       0.896702
1.06559       0.845209
0.647297       0.851384
0.898461       0.931577
1.06264       0.879904
0.886107       0.920983
1.11325       0.93205
0.795213       0.816228
1.2708       0.990975
0.569085       0.949941
1.28302       0.978428
0.910209       0.914071
1.14658       0.922967
1.58699       0.958486
1.23122       0.933933
0.780122       0.802878
1.10096       0.9857
1.12825       0.939984
0.679975       0.901765
0.69471       0.911772
0.709926       0.888608
1.34422       0.888154
0.944412       0.974976
1.17951       0.933489
1.30329       0.976423
1.30011       0.95399
1.24669       0.93077
0.91817       0.974163
0.935999       0.985005
0.94331       0.968152
1.04959       0.976879
1.19206       0.888869
1.14577       0.944605
0.953781       0.878668
1.12246       0.983397
1.10797       0.969143
0.699321       0.900402
0.97335       0.966757
1.06432       0.921199
1.28672       0.958616
0.80678       0.907111
1.10076       0.966871
0.743597       0.890115
0.943769       0.975413
1.25242       0.983692
1.09606       0.951932
1.21085       0.981246
0.943406       0.970938
1.4965       0.846249
1.36361       0.934101
0.725605       0.828521
0.834325       0.841735
1.59337       0.931881
0.756019       0.948834
1.08629       0.968989
1.40593       0.980358
1.49324       0.961685
0.846807       0.818978
0.896104       0.943056
0.938346       0.965231
1.14584       0.897724
0.993063       0.886064
1.41487       0.978013
1.55328       0.972996
0.848774       0.922379
1.26201       0.916582
1.26757       0.91462
0.806628       0.891296
0.814601       0.928488
1.19802       0.959654
0.799538       0.937095
1.1934       0.989284
1.41809       0.935279
1.25025       0.881159
1.06089       0.834756
1.00394       0.893624
1.28839       0.973328
1.17558       0.992109
1.31848       0.988172
0.910587       0.976433
0.976076       0.931553
1.17088       0.947379
1.3947       0.983325
1.22538       0.929682
1.10206       0.960648
1.35198       0.970889
0.859347       0.948567
1.0046       0.968701
0.923759       0.911846
1.1934       0.979615
1.34788       0.963037
1.00907       0.988229
1.08742       0.900354
1.23979       0.957532
1.08765       0.982655
0.778642       0.91926
1.51061       0.95611
0.731583       0.792812
1.47042       0.961126
0.99769       0.967744
1.3359       0.904996
1.18906       0.960976
1.11424       0.970729
0.917038       0.841692
1.52575       0.944078
0.964039       0.957139
0.754472       0.948847
0.979584       0.959078
1.04489       0.835229
0.987673       0.935633
1.0234       0.989207
1.14605       0.89506
1.42952       0.984212
1.13323       0.982756
1.26031       0.990771
1.12468       0.986845
1.00746       0.971706
1.00538       0.957819
0.901005       0.821176
0.804946       0.900444
0.682234       0.90632
1.18       0.962198
0.755742       0.868947
1.44875       0.930903
1.5648       0.989188
1.07643       0.828651
0.897801       0.91558
1.28577       0.88369
1.37091       0.960242
1.24042       0.935451
1.16148       0.932257
1.13587       0.949942
0.913607       0.949955
1.40895       0.910434
1.2234       0.965476
1.26679       0.875335
0.993836       0.879869
0.982488       0.874587
0.864378       0.805534
1.60738       0.960892
1.31004       0.990078
0.717758       0.980466
1.49729       0.966092
1.09557       0.977269
0.937619       0.922713
1.19854       0.957856
1.06667       0.933035
1.08894       0.968498
1.07066       0.935216
1.07695       0.971454
1.292       0.965398
1.39077       0.951638
0.810199       0.967409
0.963693       0.770915
0.820872       0.902228
1.02233       0.963306
1.06175       0.968356
0.851       0.919329
0.858063       0.920791
1.17241       0.833522
0.941927       0.938724
1.35677       0.96321
0.8429       0.859565
1.12238       0.976197
0.947147       0.956783
0.856567       0.975415
0.900065       0.921251
1.1301       0.963694
0.902981       0.975446
0.832926       0.93245
0.698533       0.905738
0.950096       0.871695
0.788677       0.816517
0.989008       0.892621
1.38411       0.935041
0.946695       0.920864
1.01123       0.836984
1.20431       0.975901
1.44742       0.935889
0.938867       0.97888
0.610312       0.902707
0.948756       0.910624
1.10361       0.896446
1.00275       0.873533
1.61643       0.930061
1.07177       0.968865
1.08207       0.975279
1.26097       0.984903
0.716029       0.97453
1.254       0.981291
1.12112       0.983566
1.61246       0.970474
0.945844       0.975738
0.860129       0.681529
1.43137       0.920876
0.817386       0.974219
1.26534       0.960324
1.38015       0.910994
0.920977       0.904892
0.937845       0.939147
1.15502       0.888356
1.13337       0.969157
0.846922       0.875388
1.26648       0.989243
1.04597       0.922273
1.2401       0.981814
1.38337       0.984255
1.13275       0.949534
1.48989       0.918827
1.25872       0.959868
1.01441       0.954547
1.23556       0.959703
1.6138       0.935255
1.21559       0.945347
1.35998       0.971975
0.732263       0.867128
0.89293       0.968179
1.31037       0.979565
1.19035       0.872573
1.02831       0.952659
1.34479       0.979652
1.04094       0.971562
0.700175       0.928294
1.28861       0.972129
1.22307       0.976744
0.761643       0.883247
1.10406       0.984761
0.978094       0.892382
1.1817       0.935662
1.55765       0.967378
0.974904       0.902972
1.1751       0.977971
1.08673       0.961083
1.18107       0.971219
1.2093       0.847763
1.00037       0.981824
1.47322       0.929125
1.7045       0.985229
1.75688       0.976633
1.18307       0.960652
1.29151       0.9396
1.07389       0.90559
1.30705       0.986264
1.28803       0.977758
1.3628       0.97003
0.865807       0.927576
1.14899       0.938991
1.22739       0.912714
1.08831       0.918161
1.22718       0.825622
1.35917       0.992043
1.33851       0.981977
1.25312       0.953318
1.31513       0.951366
1.22991       0.975567
1.26041       0.953924
1.26079       0.913305
1.03897       0.990531
0.809973       0.856827
1.10549       0.923835
1.21217       0.967144
1.32544       0.952905
0.950815       0.912783
1.46646       0.993296
1.35122       0.961356
1.53428       0.983644
0.987633       0.967369
0.534942       0.779846
0.736627       0.848238
0.963935       0.846223
0.970937       0.946256
0.9237       0.88533
0.749871       0.92523
1.25311       0.968766
1.16368       0.958897
1.15599       0.954283
1.29149       0.982914
1.12837       0.975648
1.06705       0.929108
0.781008       0.92186
1.51496       0.918855
0.579846       0.948107
1.0129       0.901356
0.814369       0.968756
0.731602       0.67084
1.68124       0.965459
1.11942       0.986128
0.806431       0.965824
1.35228       0.898332
1.33579       0.945936
0.902636       0.894632
1.01897       0.926891
1.66701       0.984392
1.24926       0.983577
0.873235       0.952205
1.51663       0.970171
1.30671       0.932296
0.745914       0.84687
1.28518       0.966639
0.904267       0.942133
0.881724       0.675336
1.13558       0.833115
1.37668       0.956303
0.890091       0.800953
1.08467       0.969368
1.38726       0.981394
1.2667       0.973095
0.876009       0.917631
0.881276       0.919913
0.982947       0.942224
0.85444       0.967301
0.821916       0.760986
0.943115       0.922136
0.959087       0.886145
1.26064       0.987973
1.1758       0.87512
0.999609       0.919147
1.26363       0.932991
1.03224       0.958434
0.93403       0.956942
1.31896       0.988806
1.04558       0.884645
1.24004       0.962549
0.83249       0.957704
1.27773       0.905944
0.70493       0.730374
1.31718       0.964133
0.826686       0.962373
1.21944       0.964151
1.18885       0.93166
1.02085       0.931273
0.983251       0.941378
1.64771       0.97904
0.954688       0.973727
1.14553       0.940408
1.55531       0.956252
0.922721       0.96527
0.804505       0.951637
0.937924       0.876387
1.21071       0.959089
0.84084       0.945501
0.626609       0.855023
1.15324       0.952023
1.38495       0.988166
0.903105       0.973352
1.12593       0.96961
1.21089       0.98769
1.06081       0.847567
0.763714       0.956949
1.31       0.932145
0.936541       0.846869
1.0672       0.918124
1.04503       0.955601
0.891924       0.943898
1.36166       0.950476
1.25221       0.925281
1.08954       0.98494
1.57543       0.965778
1.55166       0.954786
1.0639       0.84868
0.976352       0.959065
1.32462       0.965565
1.32742       0.984091
1.21201       0.976244
1.56283       0.964695
0.977202       0.951222
0.898748       0.895708
1.19841       0.971819
1.21662       0.988514
1.14432       0.950547
0.896346       0.755151
1.13328       0.953033
0.713444       0.942846
1.08746       0.973376
0.893297       0.89337
1.38033       0.985853
1.49908       0.927314
1.2405       0.976777
0.973385       0.942615
0.944549       0.889319
0.975385       0.959508
1.19272       0.950979
1.22435       0.956071
0.845737       0.8018
0.909937       0.943211
1.09223       0.918406
1.12032       0.922927
0.890429       0.849716
1.20708       0.947892
1.67772       0.986731
1.158       0.953558
1.25686       0.984335
0.792128       0.767242
1.31383       0.977173
1.81226       0.929295
0.738288       0.944307
0.742742       0.86192
1.52794       0.941273
1.21375       0.981293
1.48435       0.953247
1.51125       0.978522
0.861047       0.959682
1.06291       0.936482
0.786832       0.89707
1.86969       0.951668
1.27115       0.975029
0.835795       0.832847
1.08995       0.912979
1.53492       0.97327
1.34783       0.979518
1.199       0.923894
1.01215       0.950849
1.03608       0.945162
0.759658       0.94486
1.21628       0.980767
1.63474       0.954647
0.796105       0.888516
1.42969       0.970195
1.08439       0.907795
0.882875       0.904663
1.2813       0.954726
1.117       0.856389
1.6239       0.944211
0.994962       0.977472
1.20477       0.982824
1.3185       0.925063
1.33755       0.930582
1.00373       0.791229
1.39681       0.838929
1.10045       0.947749
0.942505       0.936831
0.648981       0.862221
1.30399       0.705379
0.831151       0.818881
1.2063       0.985887
1.05339       0.924292
1.52745       0.858049
1.37996       0.946367
1.4768       0.975524
1.02439       0.954305
1.51982       0.863851
1.32673       0.980141
1.00607       0.981589
1.06253       0.924436
1.03212       0.824679
0.898466       0.973739
0.981902       0.878501
1.10785       0.887947
1.45816       0.907007
0.937443       0.571984
1.08085       0.887609
1.20715       0.923984
1.0707       0.945278
1.02215       0.964476
0.78325       0.908267
1.16704       0.866338
1.23961       0.986074
1.81999       0.919839
1.35801       0.9011
0.892291       0.966187
1.13463       0.966289
1.22023       0.974181
1.25737       0.976064
1.06231       0.957702
0.940554       0.918456
1.17427       0.976122
0.978865       0.961619
1.10717       0.98122
1.25154       0.955143
0.972847       0.881501
0.971795       0.947722
0.84474       0.799635
1.12123       0.960027
0.966843       0.938029
0.900497       0.867483
1.3892       0.968166
0.996397       0.977557
0.985381       0.692423
1.34378       0.972869
0.64602       0.929752
1.46539       0.820316
1.16774       0.965471
1.05324       0.970967
0.908474       0.918517
1.03374       0.878502
1.72924       0.948296
1.22913       0.902186
1.2968       0.882325
0.965684       0.952592
0.765784       0.850233
1.61023       0.935795
0.663304       0.334166
1.04015       0.962015
0.94177       0.970727
1.04528       0.993659
1.48804       0.981689
1.98183       0.923227
0.867576       0.965932
1.36129       0.768485
0.888614       0.900254
1.49105       0.916742
1.23944       0.960604
1.51368       0.933519
1.32782       0.966372
1.02543       0.954958
1.31438       0.981014
0.933937       0.767494
0.908016       0.844175
1.32489       0.966648
0.840508       0.97262
0.827302       0.941532
1.00865       0.872229
0.83509       0.868707
1.40295       0.971462
1.27835       0.953069
0.926145       0.92037
0.903904       0.856489
1.26404       0.995229
1.30033       0.925886
0.903166       0.874089
1.25552       0.989213
1.40527       0.962978
1.10678       0.990163
1.30451       0.923608
1.0271       0.978797
1.18359       0.853717
1.20526       0.973745
1.12773       0.957324
0.91383       0.928708
0.978175       0.974381
0.944796       0.873839
0.952151       0.950948
1.15115       0.944824
0.977539       0.776281
0.952126       0.941166
0.913753       0.986434
1.09587       0.949064
1.06959       0.847073
1.10176       0.97698
1.30283       0.903752
1.31214       0.979659
1.0239       0.980047
1.02518       0.965703
1.3006       0.672334
1.19036       0.920703
1.34894       0.962983
0.970054       0.922736
1.1536       0.963091
1.08429       0.961775
0.962352       0.968399
1.4445       0.919677
1.4842       0.962492
1.43383       0.925271
1.15377       0.967299
1.42294       0.975664
0.63266       0.64768
1.08788       0.88788
1.41574       0.9871
1.18514       0.947327
1.10917       0.93672
0.955117       0.976851
0.878771       0.948842
1.00234       0.885699
0.869315       0.96896
1.1334       0.948759
0.677758       0.561965
0.944586       0.954744
1.22952       0.936151
1.26555       0.872818
1.29068       0.973644
0.965729       0.94115
1.51084       0.875053
0.997549       0.942357
1.25452       0.972147
1.10161       0.981332
1.11618       0.97605
1.66096       0.97168
1.10577       0.890144
1.12783       0.886406
1.20449       0.960367
1.23808       0.987792
1.48176       0.949724
0.548938       0.571815
1.071       0.907489
1.01606       0.890216
1.28597       0.965971
0.98115       0.971233
1.51385       0.972499
1.193       0.954477
0.725766       0.885665
0.92504       0.95785
0.722564       0.609929
0.858893       0.962805
1.44342       0.976086
1.00056       0.974806
1.27964       0.973658
1.0598       0.786404
1.53974       0.971426
0.987812       0.923907
1.09576       0.925445
0.861597       0.865909
1.61155       0.968098
0.648214       0.809442
0.699665       0.901034
1.19474       0.989612
1.11887       0.949451
0.825405       0.799364
1.27239       0.794985
1.19579       0.98187
0.777051       0.967496
0.80633       0.873781
0.671631       0.743458
0.904583       0.919809
1.28026       0.901619
0.924637       0.933916
1.06012       0.924279
0.734992       0.954733
1.17476       0.946828
1.02404       0.769544
0.971133       0.949354
1.18907       0.928754
1.19744       0.956571
1.37268       0.913845
0.898024       0.925799
1.15176       0.754518
1.22122       0.968098
0.985389       0.967882
1.48927       0.981301
1.47134       0.987185
1.17246       0.899875
1.26737       0.833478
0.795811       0.972771
0.980369       0.869338
1.1193       0.907553
0.881749       0.894391
1.40806       0.932848
0.781708       0.897202
1.26289       0.721998
1.11128       0.957981
1.14503       0.949807
0.871594       0.981456
1.21612       0.981765
1.1769       0.936475
1.24016       0.915652
0.927068       0.975123
1.17536       0.923845
1.24784       0.941036
1.02389       0.956126
0.917041       0.974897
1.0654       0.964258
0.996608       0.986331
1.08554       0.96822
0.89442       0.971381
1.01633       0.980936
1.19891       0.967739
0.935748       0.920296
1.1929       0.970633
1.14326       0.868825
0.871016       0.939474
1.23971       0.965355
1.59621       0.950582
0.886978       0.921436
1.42073       0.937199
1.04782       0.98413
0.750396       0.9515
1.30512       0.968996
0.868149       0.92494
1.18577       0.975405
1.15401       0.964249
1.11234       0.99218
1.5388       0.965855
1.04464       0.984214
1.02925       0.858529
1.09373       0.949358
1.00691       0.889751
1.09529       0.892161
0.997242       0.664017
1.64715       0.953545
0.910918       0.886723
1.51659       0.986318
0.944356       0.883818
0.913344       0.908831
1.31797       0.866288
0.551419       0.61227
0.626109       0.820689
0.867859       0.979749
0.910685       0.567051
0.964372       0.949305
1.44448       0.895889
1.50094       0.912251
1.13114       0.949303
0.787947       0.873991
1.16468       0.966276
1.35821       0.968551
0.563673       0.898124
1.00641       0.917151
1.12109       0.951888
1.5839       0.883976
1.21488       0.94698
1.18268       0.908804
1.19254       0.880964
0.868198       0.794811
1.19379       0.985628
1.37112       0.933404
0.747613       0.914691
1.0461       0.944027
1.08113       0.928211
1.09612       0.922076
0.906678       0.949749
1.11597       0.944136
1.14407       0.983747
0.978734       0.898867
1.16806       0.974607
1.06105       0.935605
0.954539       0.983615
1.25267       0.889501
1.30686       0.957682
0.963621       0.928442
1.29413       0.983725
1.50768       0.982287
0.755233       0.926957
1.25713       0.954417
1.07391       0.985799
0.810435       0.891121
1.02055       0.95031
1.38825       0.978621
0.990009       0.940873
1.57405       0.97798
1.44714       0.913216
1.09849       0.836988
1.0432       0.965358
0.595458       0.962299
1.10346       0.921386
0.692125       0.953783
1.46754       0.979283
0.951386       0.704942
1.32799       0.94075
1.56886       0.970083
1.15515       0.973473
1.13188       0.953758
1.72015       0.980189
0.796042       0.800877
1.56051       0.970574
1.06878       0.951143
1.35629       0.993731
1.32407       0.956186
1.37489       0.965888
1.24918       0.959123
1.34035       0.836711
1.09953       0.967492
0.92532       0.975881
0.925245       0.939488
1.79234       0.948784
1.03611       0.96891
1.08144       0.946975
1.34925       0.982173
1.17005       0.962608
1.20041       0.993136
1.14739       0.982582
1.36545       0.963752
1.07296       0.951077
1.08018       0.932348
1.38459       0.988803
1.15618       0.984542
1.75933       0.973885
0.95702       0.955096
1.3525       0.980567
1.23333       0.973345
0.987281       0.974996
1.69165       0.90053
1.17547       0.967824
1.54719       0.987367
1.29876       0.95422
1.16054       0.890263
1.18179       0.969882
1.30177       0.968458
1.02572       0.987753
1.43218       0.947845
0.809129       0.9494
0.730406       0.956314
0.670869       0.960448
0.724673       0.928265
1.21497       0.752377
1.06578       0.960398
1.14753       0.865762
0.971688       0.956435
1.02693       0.950377
1.09026       0.916289
1.01112       0.990849
1.1282       0.969025
1.33066       0.901141
0.976598       0.905602
1.01696       0.953469
1.30761       0.956657
0.824515       0.85847
0.597038       0.751332
1.2129       0.969905
1.06815       0.966485
0.722368       0.900125
0.477178       0.621729
1.12683       0.978854
0.845437       0.908207
0.954484       0.981931
1.18407       0.947135
0.896432       0.813685
1.42276       0.960097
0.866504       0.899465
0.933666       0.945262
1.32703       0.982589
0.995683       0.912433
1.26311       0.954403
1.11852       0.981651
1.15976       0.906501
1.18145       0.976187
1.36292       0.79692
0.932199       0.886012
1.326       0.919438
1.37275       0.897894
1.18574       0.960065
1.12724       0.930919
1.22409       0.946298
1.25922       0.950748
0.907343       0.866386
1.09766       0.982056
0.86683       0.915681
0.943459       0.988197
0.993805       0.971904
1.37893       0.987628
1.24778       0.953761
1.304       0.93515
1.28164       0.913996
1.48858       0.945521
1.30018       0.938259
1.53173       0.99234
0.741357       0.899601
1.15031       0.85549
0.955726       0.987478
1.47074       0.985534
1.35754       0.981176
1.06899       0.831079
0.874843       0.817814
1.06636       0.949171
1.19398       0.857931
1.43684       0.981181
0.849551       0.975804
0.917006       0.692572
0.950121       0.912287
1.08587       0.934691
1.54545       0.932748
0.534387       0.754216
1.22676       0.971417
0.939459       0.913245
1.19685       0.911092
0.680186       0.93691
0.852315       0.947601
1.09488       0.883581
0.99139       0.917723
1.23533       0.974585
1.45415       0.940618
1.20407       0.915027
1.275       0.780844
1.19129       0.926836
1.00159       0.835622
1.19564       0.901646
1.11418       0.985066
1.10329       0.980797
0.774577       0.975274
1.2223       0.937834
0.897883       0.962373
1.06526       0.936188
1.02119       0.933484
1.37977       0.98689
1.42593       0.962863
1.10175       0.958687
1.29783       0.994034
0.864919       0.879269
0.735136       0.831102
1.23197       0.972191
1.08696       0.974728
1.21419       0.914424
0.782145       0.96646
1.17083       0.909157
1.25498       0.964398
0.674152       0.645782
1.12568       0.960502
1.25101       0.966287
1.0698       0.991946
0.663495       0.853408
1.13816       0.94073
1.5786       0.9675
1.02363       0.988933
1.21951       0.981926
0.821298       0.894442
1.10094       0.824961
1.0536       0.967828
1.03503       0.96495
0.816023       0.931168
1.3618       0.969231
0.72036       0.955105
0.875265       0.756518
0.638279       0.893334
0.774014       0.842823
1.02914       0.944993
1.1679       0.981538
0.678       0.9439
0.85389       0.951131
1.62347       0.976158
1.20259       0.839043
0.886885       0.9205
0.947553       0.984544
1.25376       0.940248
1.22012       0.979848
0.948125       0.912926
1.042       0.965322
0.883922       0.959509
1.13538       0.968751
1.0038       0.948786
1.32202       0.870653
1.37616       0.967135
1.30987       0.969392
1.0834       0.984968
1.00132       0.941848
1.3434       0.965393
1.11198       0.976987
1.53935       0.983486
0.614324       0.930717
1.43214       0.981053
0.655651       0.838002
0.862888       0.782017
1.03033       0.989903
1.26567       0.880727
1.41667       0.98677
0.991743       0.971219
1.29296       0.951443
1.11654       0.985243
0.835505       0.678936
1.36556       0.964592
0.865443       0.826913
1.45034       0.903687
1.14644       0.943151
1.16289       0.95599
1.22418       0.897776
0.9223       0.875546
1.05715       0.765021
1.31945       0.934321
0.78279       0.951565
0.867024       0.894321
1.38554       0.918958
0.963819       0.949719
0.923616       0.855545
1.50569       0.93472
1.51932       0.963976
0.854967       0.887481
0.912153       0.798162
1.16941       0.869574
0.976067       0.970499
0.861694       0.943431
0.838423       0.85163
1.56581       0.972582
1.09131       0.928826
1.00799       0.946436
0.684034       0.886407
1.32055       0.946324
1.51478       0.952074
1.5546       0.951681
0.565601       0.952361
0.739167       0.927967
1.22159       0.812939
1.06367       0.945901
1.34928       0.990956
1.16028       0.978282
1.07138       0.85961
0.755412       0.897223
1.09296       0.979686
0.901186       0.976945
1.22426       0.943371
1.42945       0.988582
1.40692       0.986655
1.20281       0.99494
1.34729       0.955794
0.664309       0.874112
0.451235       0.705683
0.840787       0.94787
0.942508       0.952013
0.981962       0.911698
0.780939       0.615117
1.28383       0.961714
1.19342       0.896009
1.27606       0.972555
0.901999       0.968733
1.11978       0.957544
1.18871       0.965629
1.33964       0.93999
1.12236       0.965039
1.37069       0.933283
1.23525       0.957754
0.689598       0.903445
1.63408       0.926169
0.994316       0.946279
1.42579       0.885837
1.56365       0.969107
1.28089       0.975607
1.248       0.92911
1.12874       0.962348
1.10125       0.882498
0.816816       0.87083
0.864029       0.902913
1.15492       0.977718
1.21903       0.972819
1.20119       0.897224
1.12794       0.958584
0.902161       0.880969
0.996454       0.879254
1.14054       0.968792
0.863613       0.976317
1.33584       0.973478
0.693599       0.971094
1.47188       0.986871
0.757145       0.96855
0.937571       0.956933
0.773534       0.946621
0.925642       0.758891
0.916383       0.886572
0.646365       0.873447
1.08608       0.922894
1.18249       0.941535
0.850537       0.855464
0.846683       0.931406
1       1
