1.38318       0.980761
0.777919       0.964893
0.846349       0.907022
0.6104       0.914152
1.31599       0.822746
1.1989       0.987056
1.14184       0.949218
1.37433       0.965982
1.05776       0.977189
1.12787       0.965343
0.992312       0.99275
1.34885       0.914612
0.701559       0.934314
0.915231       0.6791
1.19976       0.97464
1.1515       0.937002
0.979635       0.936563
1.4923       0.981267
0.805596       0.948355
1.30268       0.986368
0.932592       0.989059
0.665959       0.95101
1.23471       0.990481
1.04975       0.943195
1.2931       0.969441
0.62879       0.944885
0.900133       0.977588
0.993923       0.968405
1.07027       0.985411
0.87586       0.962728
0.819362       0.94189
1.68149       0.984556
1.43257       0.965535
0.963033       0.965887
1.3319       0.980506
0.725823       0.964832
1.46439       0.990779
0.846575       0.982374
1.55003       0.967851
0.730605       0.98078
0.880286       0.884569
1.09121       0.976882
1.0676       0.958014
0.738569       0.920621
1.29444       0.954998
0.998448       0.977535
1.34938       0.993153
1.02206       0.861877
0.840542       0.963075
0.917742       0.979099
1.19802       0.991653
1.19853       0.984967
1.26406       0.944002
1.31833       0.946005
1.40098       0.880635
0.767731       0.90094
1.38049       0.976555
1.05887       0.992279
1.23189       0.973379
1.27706       0.991618
1.03396       0.9377
1.41855       0.987481
1.13824       0.97786
1.23134       0.982468
0.651462       0.961096
1.39535       0.981354
0.979661       0.975345
0.815219       0.962229
0.943456       0.975187
0.773665       0.952695
0.890816       0.949241
0.983571       0.979817
0.923659       0.991255
0.89857       0.991574
0.760627       0.97194
0.465161       0.881278
1.2038       0.92458
1.1831       0.989155
1.22142       0.983944
1.02719       0.987637
1.11058       0.950162
0.990742       0.988987
1.04925       0.927327
0.866771       0.924318
1.06681       0.981179
0.980505       0.866832
1.2953       0.980381
0.671175       0.904956
1.18405       0.99245
1.39749       0.98115
1.1504       0.992653
1.23503       0.989464
0.672477       0.96872
1.12678       0.935607
0.9383       0.980441
0.666998       0.927342
1.07431       0.974881
1.44162       0.988458
1.09645       0.9796
1.26626       0.9893
1.07045       0.994779
0.767462       0.901888
1.39585       0.993652
0.820993       0.803169
0.687609       0.946128
1.09197       0.994303
1.30506       0.959563
1.22277       0.978992
0.91318       0.977992
0.928346       0.934601
0.874011       0.967252
1.17152       0.974244
1.30108       0.991437
0.800074       0.962948
1.22611       0.962668
1.24358       0.984279
1.35554       0.97353
1.38186       0.9733
1.38487       0.972873
1.13455       0.994927
0.651347       0.853969
0.511282       0.881139
1.29241       0.953496
1.02749       0.993496
0.879517       0.987664
1.05275       0.991004
1.17927       0.989499
0.949389       0.985434
0.96443       0.952663
1.18507       0.972729
1.59231       0.984786
0.752506       0.935378
0.993517       0.980824
0.770096       0.962982
0.789926       0.947562
0.737171       0.95872
1.10457       0.866982
1.42929       0.967508
1.14339       0.937246
1.08157       0.935141
1.0266       0.987098
1.34463       0.988911
1.07442       0.967659
0.906605       0.960497
0.769026       0.810746
0.789712       0.955369
1.11083       0.991006
1.05542       0.994959
1.25308       0.978935
0.959882       0.989516
1.01183       0.965337
1.34516       0.987965
1.57967       0.982564
0.770525       0.969911
1.56743       0.973588
1.15582       0.996852
0.764415       0.905294
0.972861       0.923299
0.875053       0.99131
1.00249       0.969877
1.03012       0.981724
0.724246       0.991071
0.906994       0.986191
1.05605       0.990406
1.12054       0.983508
1.09329       0.974789
0.934237       0.993748
0.529421       0.957193
1.15397       0.98947
1.2831       0.984619
0.865894       0.952777
1.61467       0.993867
0.779487       0.950255
1.28433       0.982564
0.757875       0.902291
0.783282       0.968402
1.41352       0.974698
1.22648       0.994126
0.821825       0.975043
1.23487       0.88794
1.11327       0.988236
1.32858       0.967523
1.02878       0.922014
0.775135       0.949433
1.25313       0.957339
1.11487       0.991768
1.49963       0.992129
1.15331       0.978434
1.28279       0.978712
1.20095       0.98823
0.613795       0.902609
0.670004       0.903619
0.946883       0.946611
0.989067       0.939601
0.979016       0.991088
0.554668       0.790481
1.3436       0.975736
1.23032       0.996409
0.932183       0.966102
1.01351       0.851293
0.943129       0.98743
0.591998       0.925515
0.929722       0.972523
1.20619       0.987261
1.32319       0.990981
0.6642       0.721643
0.741993       0.961029
1.02086       0.979796
1.00728       0.992275
1.0642       0.974115
1.09492       0.893936
0.957196       0.963088
0.937684       0.938025
1.24296       0.975657
0.872034       0.983739
1.46097       0.986591
0.838577       0.942324
1.43731       0.980537
1.15968       0.989019
1.46869       0.867091
0.84296       0.970047
1.19103       0.991701
1.01544       0.97997
1.29374       0.952133
1.43588       0.942231
1.08459       0.990605
1.00219       0.971572
0.873416       0.979716
0.753755       0.962657
1.22411       0.997381
0.980507       0.970366
1.01894       0.984894
1.25922       0.994976
1.11397       0.994348
0.787682       0.894002
1.16655       0.95983
0.851165       0.961284
0.70294       0.911239
1.17853       0.956267
1.37868       0.990504
0.830249       0.965991
1.42158       0.965701
0.952937       0.954671
1.01655       0.990426
1.59604       0.966088
1.10765       0.994456
1.39059       0.983301
1.2903       0.996575
1.12134       0.943773
1.06906       0.992195
1.21067       0.944574
1.11479       0.987108
1.24714       0.995797
1.22384       0.984051
1.22085       0.992079
1.29701       0.986216
1.16854       0.955818
0.92458       0.95316
1.04644       0.781354
1.35572       0.990767
1.19128       0.974713
1.04712       0.969371
0.810364       0.941701
1.16724       0.992453
0.973431       0.989747
0.714778       0.952729
1.07626       0.964939
0.932912       0.880534
1.12551       0.991862
1.12883       0.98835
1.3659       0.979773
0.946713       0.991621
1.04639       0.931023
1.33945       0.986272
1.07242       0.982244
1.26727       0.979141
0.715189       0.771197
1.28467       0.939347
0.995191       0.99636
0.973167       0.990129
1.4037       0.984141
0.966846       0.974168
1.28109       0.980471
1.01214       0.986385
1.12568       0.966682
0.836818       0.721556
0.414909       0.860581
1.1331       0.966584
1.02525       0.966491
0.410446       0.723111
0.676124       0.947561
1.45464       0.975783
0.992799       0.916754
1.26771       0.977358
1.17021       0.971153
0.814707       0.948432
0.931602       0.957716
1.18027       0.976928
0.750568       0.691496
1.28111       0.996394
1.32664       0.985749
1.36357       0.894719
0.91357       0.940417
1.38287       0.966435
0.858274       0.96573
1.44199       0.989928
0.76809       0.969675
1.05295       0.952449
1.32433       0.968065
0.906022       0.848847
1.08077       0.967522
0.93683       0.965217
1.33168       0.991742
0.769898       0.954722
1.12483       0.993769
0.832944       0.97553
0.996209       0.981706
1.1671       0.960445
1.03309       0.978134
1.04763       0.989295
0.69832       0.941067
1.25738       0.980512
0.785837       0.978397
1.06824       0.974919
1.08007       0.980052
1.28674       0.940763
1.05133       0.947945
1.26489       0.976927
0.654134       0.862316
1.06601       0.98964
0.563992       0.901199
1.03518       0.981791
1.2003       0.994905
0.935995       0.985761
1.13189       0.882695
1.01268       0.976983
1.54425       0.97229
0.877207       0.989385
1.04621       0.956661
1.23173       0.967315
0.844232       0.924437
0.834348       0.968368
0.998743       0.986284
0.877511       0.986165
1.05417       0.984032
0.783602       0.983887
1.00384       0.973711
1.1909       0.946401
1.17288       0.965035
1.35397       0.960016
0.770557       0.986411
1.23218       0.977643
0.747918       0.960471
0.921289       0.811361
1.23664       0.99387
0.715815       0.950421
0.987609       0.927311
1.27338       0.994504
1.07314       0.977535
0.943249       0.981932
0.764315       0.980683
1.34943       0.975695
0.830337       0.883413
0.695388       0.91826
1.16478       0.988867
1.32168       0.985788
1.40292       0.98938
1.28158       0.988517
1.19786       0.981673
1.0378       0.957748
0.927664       0.953871
1.18626       0.97837
1.02626       0.991093
1.16977       0.951112
0.788544       0.949483
1.20231       0.97296
1.20923       0.92158
1.14697       0.991548
1.30568       0.992598
0.816275       0.927262
0.862726       0.69402
0.594565       0.873581
1.19935       0.984333
1.06497       0.983054
0.809349       0.96241
1.20734       0.899419
1.32678       0.987079
1.35826       0.932465
0.773867       0.835929
1.44913       0.96021
0.811868       0.875481
1.25313       0.991332
1.17693       0.981743
0.921253       0.740828
0.68345       0.856593
0.945023       0.95888
1.11071       0.973037
1.26681       0.992526
0.870153       0.94048
0.718693       0.798045
0.760507       0.968665
1.25638       0.970337
1.42513       0.973948
1.62886       0.986259
0.841673       0.955301
0.644129       0.784391
0.901029       0.990494
0.974455       0.964801
1.02486       0.961652
0.624043       0.921087
0.943627       0.986632
0.854531       0.992643
0.822037       0.967482
0.611216       0.941332
0.730334       0.987665
0.925719       0.970756
0.914711       0.990718
1.45712       0.960025
1.22245       0.992646
1.01168       0.967944
0.947054       0.983092
1.16573       0.984465
0.684156       0.948811
1.27588       0.988446
1.11153       0.990449
0.864409       0.863539
1.12165       0.975948
1.56752       0.988668
0.897475       0.908695
0.899762       0.989157
1.51256       0.979724
0.770866       0.936807
1.0403       0.967082
0.984414       0.955729
0.972887       0.966966
1.10338       0.979222
1.06373       0.927669
0.823922       0.909226
0.733733       0.959105
0.800832       0.950767
0.602197       0.607422
1.10285       0.979457
1.07429       0.922645
0.87534       0.966374
1.09408       0.994399
0.729449       0.922249
1.19069       0.925859
1.1937       0.8919
1.01196       0.934834
1.41617       0.981914
1.06554       0.964314
0.773003       0.979378
0.604895       0.937857
0.527944       0.955558
1.03709       0.911733
0.979477       0.991321
1.05139       0.979332
1.08856       0.978438
1.32461       0.973067
1.10093       0.95715
1.12261       0.983941
1.55246       0.968687
1.28271       0.97459
0.939319       0.974723
1.52926       0.996649
0.482152       0.939024
1.01383       0.966664
1.10375       0.975593
0.70546       0.958203
1.16642       0.992609
0.887823       0.911419
1.41329       0.97524
0.88583       0.990624
0.904056       0.955878
1.16736       0.991102
1.34022       0.948148
1.16892       0.989777
1.17824       0.997317
1.347       0.975516
1.17194       0.909366
0.542705       0.903369
0.683257       0.97748
1.05275       0.976465
0.970064       0.991369
1.09062       0.985494
1.23689       0.981412
1.15196       0.987871
1.09737       0.966174
1.09786       0.973916
1.15898       0.970148
1.30914       0.987143
1.11799       0.991496
1.47119       0.988179
0.460556       0.62817
1.07638       0.976777
0.29999       0.438171
1.28392       0.983831
1.17484       0.962168
1.42602       0.979844
1.17662       0.976769
0.970839       0.977028
1.10743       0.985434
0.774583       0.955416
1.2049       0.989454
0.647332       0.783373
1.4971       0.97451
1.20169       0.838393
1.02219       0.99001
1.3605       0.990286
0.463698       0.872272
0.853491       0.950976
1.05284       0.989274
1.02229       0.985676
1.23356       0.989925
1.43157       0.99318
0.762389       0.906578
0.859193       0.965175
1.14572       0.923796
0.89432       0.988182
1.12047       0.990781
0.430574       0.605507
1.2137       0.987101
1.09882       0.974012
1.05946       0.99593
1.41094       0.987041
1.51529       0.990583
0.922763       0.931464
0.860926       0.946732
0.723024       0.951063
0.583804       0.96448
0.876174       0.973434
1.45506       0.994958
1.32052       0.968189
1.26297       0.979947
1.1173       0.99345
0.766524       0.934682
0.576416       0.965909
0.826939       0.916215
0.975831       0.988455
0.846151       0.971562
0.786198       0.932782
0.922189       0.981948
1.09212       0.926082
0.892054       0.982708
1.11895       0.970386
1.08326       0.984571
0.665192       0.958736
0.989917       0.991097
1.05967       0.98486
0.701211       0.869557
1.01222       0.96207
0.689895       0.69663
0.672928       0.961061
0.875853       0.973023
0.636572       0.84391
1.16145       0.98827
0.627439       0.689835
0.952817       0.984865
0.947624       0.975627
0.472672       0.911405
1.02373       0.949159
0.728398       0.926304
1.05006       0.943183
1.1258       0.805421
1.16837       0.982977
0.795876       0.821084
1.01006       0.969952
1.19397       0.985919
1.11239       0.920993
0.971078       0.9748
0.904623       0.980762
1.27888       0.996051
1.11365       0.827592
1.18427       0.971017
0.618352       0.863068
0.663669       0.860421
1.09343       0.984264
1.21539       0.987744
0.938966       0.984403
0.907491       0.988148
1.13931       0.96257
1.31727       0.978235
1.53988       0.995333
1.02882       0.985152
1.02247       0.988318
0.995431       0.97878
1.27018       0.990444
0.946228       0.98329
1.11439       0.992873
0.630021       0.937642
1.21087       0.955675
1.21002       0.986761
0.843315       0.850579
1.17752       0.975827
0.598558       0.756292
0.806962       0.932779
1.27599       0.968358
1.17189       0.966237
1.05886       0.98096
0.697451       0.954699
1.04975       0.940739
0.725879       0.965995
1.05443       0.993582
0.53668       0.841112
1.24234       0.928124
1.03108       0.98374
1.07963       0.988476
1.17814       0.939825
0.861919       0.975626
0.677528       0.969856
0.888119       0.973625
0.614516       0.606952
0.976075       0.988273
1.31994       0.950776
1.22837       0.995118
1.19702       0.991043
0.692206       0.965991
1.45013       0.984537
1.32556       0.988331
0.768173       0.936202
0.949693       0.990675
1.191       0.940514
1.60691       0.973822
1.39236       0.995094
1.00949       0.991239
0.783472       0.919326
1.38157       0.991252
0.599735       0.952491
0.901906       0.986554
0.734086       0.881057
1.73648       0.991617
1.30832       0.974606
1.0359       0.987364
1.13674       0.986141
1.30584       0.907217
1.11698       0.89096
0.867993       0.980842
0.973529       0.924958
1.21356       0.988077
1.05148       0.971563
1.07792       0.997058
1.10363       0.983529
1.34031       0.940075
1.11956       0.980518
0.727641       0.774826
1.06418       0.99043
1.2101       0.989048
1.13446       0.98647
1.44521       0.996508
0.962308       0.815071
1.29854       0.979644
1.49622       0.949996
1.11905       0.982902
0.845327       0.951292
0.965514       0.993709
0.624016       0.923864
1.2447       0.991583
0.986359       0.961326
1.16044       0.990005
0.910765       0.854723
0.796232       0.971694
1.00716       0.99007
0.687341       0.724458
0.995692       0.968581
1.00657       0.992424
1.16146       0.977444
1.21233       0.964417
1.10435       0.962617
1.03478       0.979695
1.07534       0.968974
1.13164       0.959941
1.19959       0.778169
1.16932       0.984961
1.1332       0.994599
0.732548       0.923939
0.960805       0.977854
1.09234       0.993652
0.726896       0.938689
1.29587       0.991235
1.27169       0.942309
1.06751       0.991335
1.00624       0.985378
0.923457       0.998896
1.57199       0.993929
1.36929       0.982805
0.93614       0.977505
1.49955       0.993276
1.42645       0.950912
0.858824       0.971789
1.7522       0.976236
0.898633       0.967393
0.83495       0.967018
1.03873       0.989033
1.3184       0.995282
1.2249       0.986141
0.613632       0.782133
1.09936       0.981202
0.874349       0.986868
1.01016       0.984763
0.896988       0.980753
1.23672       0.989123
1.04875       0.956553
1.40305       0.938314
1.05401       0.987958
1.3217       0.967668
0.933693       0.972143
0.671124       0.887851
0.973587       0.993979
1.19253       0.921334
1.07729       0.960587
1.21646       0.940548
1.07128       0.855105
1.41749       0.976617
1.49492       0.992617
0.739452       0.936956
1.07937       0.975963
1.20862       0.976769
1.27143       0.957824
0.935272       0.968835
1.30347       0.956315
1.19902       0.980564
0.878673       0.973497
0.870103       0.82842
1.13691       0.952174
1.13147       0.977941
0.960053       0.959653
1.11473       0.979505
1.4448       0.989865
1.44841       0.979878
0.856766       0.962899
1.30538       0.985771
0.622401       0.959808
0.713255       0.959957
1.28768       0.983673
0.96725       0.948537
0.860674       0.938697
1.09714       0.980633
0.883533       0.960181
1.42559       0.992908
0.713665       0.971849
0.786486       0.933946
1.03946       0.984726
0.708454       0.905505
0.934463       0.907166
1.19981       0.988268
1.23975       0.973771
1.35885       0.950071
1.35779       0.977272
1.2762       0.969316
1.09001       0.94401
1.14081       0.940771
1.22521       0.980589
1.19127       0.959173
0.676463       0.868492
1.06436       0.986071
1.16745       0.976309
0.948305       0.946804
1.06639       0.980485
1.25189       0.982479
0.657117       0.890272
1.22679       0.974102
0.861416       0.98711
0.768147       0.879243
1.40628       0.962689
0.72786       0.655784
0.502299       0.860764
0.804079       0.98935
0.778523       0.989575
0.981333       0.96797
1.24436       0.969657
1.08326       0.977567
1.18254       0.958953
0.877879       0.975604
1.41376       0.991365
1.04364       0.982855
1.46131       0.975473
1.22532       0.990173
1.54286       0.994025
1.10778       0.946868
1.05272       0.995916
1.26521       0.996728
1.03354       0.969831
1.35915       0.925578
1.00635       0.990446
1.01622       0.977323
1.3235       0.973242
0.954402       0.964445
1.20848       0.973946
0.767816       0.977668
1.53273       0.959062
1.4029       0.984788
0.663964       0.840224
1.04697       0.986014
0.75651       0.96667
1.54323       0.942865
1.18059       0.952523
1.25854       0.993221
1.30213       0.989138
0.901285       0.975666
1.31021       0.977577
0.745551       0.970781
1.45172       0.980952
1.37438       0.995022
0.746258       0.924525
1.43305       0.937768
0.581547       0.516288
1.39221       0.986505
1.0077       0.987909
0.705621       0.947113
0.972911       0.988097
1.10953       0.970471
0.810906       0.884242
1.24332       0.979038
1.28938       0.975444
0.914342       0.929293
1.11139       0.997228
1.0497       0.991177
1.27218       0.991503
1.02651       0.95041
1.13649       0.986597
0.648622       0.915141
0.92084       0.981594
1.01693       0.913379
1.30061       0.989958
0.826479       0.928916
0.409675       0.649473
0.880965       0.976299
0.715682       0.795362
0.917967       0.96156
0.617491       0.959784
1.19585       0.997318
1.22909       0.97048
0.876184       0.989748
0.942996       0.965803
1.00724       0.990781
0.822464       0.925017
0.792306       0.981392
0.795326       0.915499
1.32721       0.922664
0.836498       0.990059
1.10051       0.991934
1.31286       0.985256
0.983381       0.97016
1.28127       0.988689
0.665595       0.661977
1.24089       0.969132
1.34768       0.887173
0.787374       0.949544
1.72298       0.986741
1.18513       0.971285
1.3899       0.987741
1.4548       0.96303
1.24243       0.980842
0.906126       0.989669
0.951899       0.991062
1.01309       0.936388
1.25858       0.99674
1.07413       0.975159
0.610708       0.912042
0.808831       0.828912
1.05852       0.948852
1.66898       0.986015
1.42885       0.960684
0.356496       0.641515
1.10971       0.977129
1.19748       0.99326
1.19216       0.966078
0.786338       0.948029
1.22586       0.977529
1.41282       0.990653
0.773504       0.904306
0.922153       0.906033
0.851728       0.958895
1.45516       0.930412
0.937013       0.969233
0.905931       0.97409
0.467676       0.737592
1.34262       0.992284
1.074       0.987694
0.911857       0.968387
0.759059       0.934277
0.796678       0.970076
1.14787       0.988498
1.43824       0.973288
1.26205       0.949231
0.877697       0.979744
0.775505       0.982568
0.976184       0.981047
0.913197       0.984911
0.895761       0.939045
0.86566       0.95811
1.36542       0.861108
1.24017       0.955877
1.41559       0.985099
1.03953       0.897463
0.822853       0.975243
0.794612       0.90813
1.36663       0.839541
0.948473       0.965212
1.05508       0.989707
0.834768       0.992505
0.591435       0.956244
1.13399       0.980787
1.0162       0.959873
1.33562       0.964233
1.13495       0.996211
1.19156       0.940793
1.05951       0.967761
1.37337       0.984577
1.16066       0.98231
1.19035       0.992402
0.81922       0.798363
1.38958       0.986292
0.936672       0.953735
1.23618       0.943218
1.51445       0.978285
1.11426       0.983865
1.04809       0.96358
0.940899       0.946627
1.25769       0.975172
1.02067       0.866589
0.949663       0.954216
1.17298       0.979333
1.31033       0.968038
1.15983       0.994365
0.669657       0.905119
1.29374       0.962363
1.38427       0.979574
0.729163       0.957911
0.898772       0.978031
1.5138       0.986546
1.03551       0.984953
1.20573       0.989205
1.10368       0.986677
1.05791       0.967956
1.35085       0.98629
1.04219       0.952275
1.1857       0.986514
1.15799       0.775939
1.62964       0.984821
0.831667       0.965392
0.474636       0.793841
0.897682       0.963889
0.342872       0.652457
0.997505       0.982636
1.02874       0.971393
0.936531       0.994646
0.861617       0.93509
1.40825       0.878986
0.868932       0.904288
0.64283       0.426104
1.14185       0.929998
1.38773       0.993518
0.975214       0.917684
1.03141       0.983924
0.651124       0.903615
0.820162       0.956337
1.19972       0.988946
1.13586       0.992503
0.96391       0.984998
1.1718       0.970091
0.708973       0.979085
1.07106       0.963613
1.01841       0.982693
0.795695       0.952882
0.948356       0.965824
0.787524       0.993451
1.13317       0.921913
0.923326       0.987481
1.10895       0.992091
0.527139       0.361917
1.12343       0.981525
1.05938       0.970262
0.869883       0.921667
1.2438       0.983186
0.921504       0.976817
1.45411       0.981865
0.796599       0.972612
0.559172       0.954023
1.05173       0.961231
0.84249       0.971763
1.07053       0.976345
0.987301       0.879344
1.19967       0.995361
1.157       0.959723
1.30317       0.983939
1.61366       0.984682
1.29221       0.984017
1.20939       0.980432
0.695796       0.881366
0.720407       0.964759
1.52025       0.988716
0.466782       0.676253
1.58556       0.971307
1.30361       0.981933
1.02539       0.988851
0.762596       0.958835
0.880202       0.985225
1.12165       0.971173
1.21299       0.994671
1.45067       0.94724
1.18135       0.980825
0.969749       0.773124
1.21239       0.976071
0.854086       0.986757
1.04474       0.898309
0.593169       0.967236
1.5005       0.981733
1.30837       0.960974
1.03593       0.934049
1.01879       0.992534
0.781637       0.950744
1.50158       0.976028
1.12851       0.961887
0.544729       0.834553
0.484314       0.960829
1.15302       0.966801
1.26505       0.974983
0.830008       0.977562
0.926181       0.935679
1.02761       0.986375
1.46941       0.931641
0.840786       0.967248
1.03646       0.990463
0.537781       0.942441
0.736595       0.752243
0.688304       0.91461
0.843087       0.97506
1.4085       0.971875
1.0825       0.915472
0.436145       0.783618
0.882881       0.920193
1.31768       0.975844
0.703877       0.984608
0.984327       0.945406
1.09378       0.945475
1.26041       0.997822
0.699411       0.94402
0.950655       0.962459
0.823057       0.921928
0.983729       0.98113
1.23533       0.977301
1.55423       0.973555
0.963574       0.980152
0.94245       0.962641
1.12951       0.925245
1.16949       0.984082
0.702051       0.961173
0.999839       0.991729
1.20944       0.987909
1.06294       0.908888
1.228       0.985135
1.12759       0.9596
1.30987       0.944288
0.918419       0.926618
1.14027       0.977712
0.808016       0.98003
0.975202       0.957082
1.19052       0.960538
0.983001       0.98731
0.787945       0.925782
0.91352       0.943662
0.968122       0.974445
0.557815       0.937602
0.903127       0.995137
1.32729       0.985453
0.995798       0.99528
0.601342       0.910929
0.829639       0.964094
0.893772       0.857111
1.33273       0.993697
1.14586       0.956872
1.21729       0.992075
1.25603       0.993693
0.738925       0.977256
0.677215       0.927551
1.03658       0.978334
1.0866       0.990861
0.983211       0.969914
1.24917       0.930012
1.54792       0.980903
0.840847       0.979161
0.850881       0.943579
1.05164       0.885088
1.10286       0.99046
1.12731       0.986538
1.09932       0.951734
0.941087       0.989958
1.32105       0.974429
1.49069       0.97359
0.780694       0.958772
0.905586       0.972595
0.995915       0.989289
1.26522       0.992612
1.37449       0.959909
0.699107       0.77858
1.17632       0.969216
0.864748       0.950188
1.21912       0.974479
1.21467       0.990665
0.845445       0.987688
1.11307       0.97683
1.64042       0.971566
0.709314       0.645024
0.644755       0.930496
0.68437       0.988411
1.18643       0.983747
1.17489       0.947915
1.02379       0.933743
1.03538       0.966637
0.897898       0.967928
1.48722       0.985059
1.12001       0.9809
1.26279       0.95204
0.780896       0.987313
0.816024       0.976583
1.27194       0.994364
0.855999       0.881563
0.668452       0.959999
0.848987       0.854803
1.02633       0.988051
1.28942       0.986861
0.622125       0.896095
0.997909       0.865737
0.964222       0.974291
0.833379       0.949296
0.553294       0.844437
0.792122       0.947298
1.40751       0.989934
1.06477       0.941011
0.93087       0.99379
1.07725       0.993432
0.932997       0.950515
0.808595       0.980405
1.23855       0.974812
1.63616       0.980217
0.771055       0.974605
1.01351       0.955711
1.18427       0.987418
1.16967       0.95883
1.53688       0.973816
0.750734       0.83303
1.29639       0.903014
0.828679       0.967933
0.923382       0.993041
0.986928       0.976961
1.03794       0.977967
0.824199       0.877871
0.616464       0.314177
1.08805       0.975929
1.31143       0.962724
0.638745       0.927254
0.576066       0.813995
1.52187       0.91763
1.10885       0.935942
1.01885       0.95724
1.66259       0.938152
0.861507       0.933543
1.09099       0.982485
1.4756       0.985554
0.982963       0.982293
1.04395       0.988077
1.02008       0.997002
1.27848       0.97183
1.33566       0.981849
1.2743       0.96896
1.07416       0.967988
0.953285       0.945108
0.796072       0.853813
1.31152       0.973504
1.12198       0.965871
0.801784       0.976792
1.41547       0.988333
0.898823       0.959936
1.20317       0.979029
0.967765       0.944867
1.20838       0.975603
1.00261       0.992755
0.598127       0.849012
0.878439       0.986188
1.21727       0.989706
1.05953       0.98689
0.968931       0.93247
0.903047       0.993694
0.716522       0.875552
0.806694       0.911023
1.07559       0.990513
0.930092       0.936088
1.08131       0.991984
1.13442       0.987796
1.67378       0.980935
0.716361       0.950532
0.771985       0.959565
1.316       0.99478
0.869147       0.978716
1.21646       0.976695
1.12017       0.953408
1.17555       0.965553
0.681421       0.980002
1.53394       0.984487
0.890629       0.878172
1.11865       0.989625
0.748975       0.959836
0.753886       0.949369
1.16583       0.984618
0.811301       0.908407
0.730033       0.949921
1.28043       0.94923
0.798048       0.97922
1.41409       0.988327
1.009       0.982308
1.55275       0.985233
0.896868       0.99568
0.735839       0.981736
1.11939       0.969281
1.61682       0.96006
1.11878       0.928002
0.9984       0.76384
0.313957       0.495366
0.874294       0.752488
0.83783       0.978786
0.655854       0.755035
0.816392       0.940628
1.04054       0.975416
0.963139       0.975702
1.4272       0.989779
0.82047       0.933089
0.819456       0.800865
1.32081       0.993017
0.75035       0.929753
1.12215       0.986518
0.988584       0.915555
0.921703       0.989294
0.718212       0.859909
0.971087       0.970914
1.38617       0.974544
0.803108       0.950163
1.39331       0.992498
1.50585       0.937436
1.29095       0.917772
1.11979       0.991298
0.942976       0.950727
1.27688       0.986441
1.19467       0.989742
0.966798       0.972712
0.80783       0.955427
0.788793       0.948024
0.50137       0.523801
0.780615       0.957153
1.0108       0.989831
0.845956       0.966441
0.785633       0.825698
0.969424       0.971411
0.968187       0.928775
1.46619       0.993561
0.925536       0.991921
0.940326       0.931694
1.29889       0.965596
0.779678       0.978384
1.28158       0.921454
1.77437       0.983457
0.888279       0.978138
0.842466       0.97057
0.976509       0.972766
0.851208       0.961271
0.973751       0.967273
1.06178       0.966159
1.07788       0.991896
1.19632       0.968671
0.869205       0.960304
1.17819       0.975679
1.13949       0.954395
1.15927       0.988059
0.710715       0.974838
1.08043       0.9866
1.07516       0.950007
0.911917       0.94498
0.951759       0.973409
1.29773       0.985448
1.10511       0.923551
0.868655       0.959622
1.16737       0.986507
1.47191       0.982017
1.03158       0.970724
1.11199       0.983419
1.13416       0.960274
0.653623       0.909133
0.472223       0.826442
0.573531       0.690362
1.36072       0.794626
1.20152       0.965845
1.19952       0.971157
1.13629       0.973424
0.771256       0.953797
0.674651       0.953123
1.3022       0.970705
0.866773       0.926612
0.659127       0.985714
1.56259       0.975911
0.851252       0.989588
0.758945       0.930012
0.97834       0.971502
1.12111       0.891508
0.934534       0.915802
0.618829       0.885983
1.1979       0.978419
1.13728       0.994908
1.15604       0.919902
0.688957       0.972625
1.15735       0.985085
1.40049       0.997954
1.02554       0.997303
1.14597       0.991456
1.12148       0.99113
1.49968       0.971754
1.06886       0.954863
0.901324       0.922609
1.31599       0.964517
1.40494       0.955974
1.21268       0.930308
1.31784       0.978771
0.656209       0.975844
0.933823       0.996412
0.828803       0.982033
0.999264       0.959842
1.03017       0.974892
1.40126       0.97481
1.24488       0.987156
1.09711       0.961281
0.8816       0.898527
1.31437       0.988792
1.30861       0.979916
0.628776       0.890765
1.11976       0.982458
0.888404       0.969962
1.60757       0.977478
1.10399       0.951405
1.62851       0.988138
1.10063       0.98065
1.09673       0.983603
0.947777       0.8384
1.26919       0.990932
1.15201       0.989576
0.495924       0.844499
0.85623       0.990755
0.972817       0.983662
1.3498       0.993144
1.19498       0.948111
1.27797       0.970846
0.678879       0.807163
1.0962       0.899403
1.17781       0.977523
0.998217       0.920322
1.18549       0.985325
0.674761       0.923317
0.62406       0.947303
1.05927       0.926909
1.55183       0.959911
0.845538       0.98322
0.870997       0.935687
1.39406       0.97846
0.809386       0.975214
0.764428       0.967317
0.528778       0.739007
0.981767       0.986479
0.972826       0.954629
1.60145       0.966523
1.08619       0.954163
1.14799       0.981216
1.34393       0.993506
1.34514       0.983875
0.802102       0.949544
0.88721       0.929928
1.0655       0.990697
1.19716       0.982278
0.963589       0.971826
0.682068       0.966613
1.09401       0.95176
1.07623       0.953962
1.05518       0.969369
0.913557       0.983455
1.49898       0.957375
1.15383       0.927346
1.16624       0.994086
1.03631       0.934954
1.30253       0.976009
1.12354       0.983197
0.969423       0.983814
0.356109       0.666213
1.34246       0.979781
1.41665       0.947501
1.16529       0.983319
0.931707       0.894689
1.22236       0.986742
0.969602       0.989479
1.23844       0.975804
0.850077       0.978356
0.823384       0.912415
1.09818       0.985962
0.850996       0.923559
0.968248       0.950034
1.02636       0.97487
0.769376       0.976166
1.02793       0.983864
1.17104       0.987124
0.903494       0.959977
1.05578       0.972697
1.38824       0.927921
0.958375       0.982018
0.885032       0.950271
0.377157       0.188497
1.08016       0.978566
1.22859       0.953839
1.13132       0.944257
1.12974       0.969783
0.890119       0.9834
1.01295       0.990873
1.25441       0.985793
1.27435       0.991757
0.976337       0.961917
0.919604       0.985319
1.06355       0.970579
0.793242       0.912331
1.18567       0.974647
0.859751       0.975236
1.08579       0.965274
0.620999       0.976854
1.25777       0.975158
0.99294       0.966855
1.43116       0.992887
1.16162       0.986884
1.14049       0.977568
1.27797       0.990933
1.23854       0.990746
0.879833       0.940491
0.76189       0.939976
1.46103       0.98332
0.999086       0.965625
1.10858       0.984903
0.899362       0.994962
0.87242       0.937012
1.08879       0.976822
1.11474       0.935382
1.21064       0.984999
0.639476       0.969547
1.20856       0.988876
0.944286       0.977355
1.52304       0.962014
1.52379       0.993294
1.00409       0.927351
1.34501       0.990803
1.35078       0.916913
0.985711       0.883349
0.549314       0.947847
0.735318       0.976334
0.985711       0.928838
0.634354       0.88416
0.599908       0.807688
0.838593       0.957898
0.981909       0.985164
1.22723       0.985036
1.21779       0.981139
0.808468       0.922762
1.42089       0.993595
0.977532       0.988018
1.3244       0.961843
1.15208       0.982893
0.561306       0.775037
1.16205       0.989356
0.830488       0.954499
1.45915       0.987715
1.35951       0.992554
1.29819       0.98842
1.26469       0.986398
1.47983       0.989071
0.91671       0.925804
0.871183       0.79717
1.20218       0.964269
0.786157       0.968237
0.692965       0.977052
1.22289       0.991608
1.20759       0.836866
1.48008       0.926771
1.01821       0.974022
1.01579       0.938796
0.697319       0.953765
1.40736       0.990248
0.705377       0.883822
0.91307       0.965892
0.8456       0.872632
0.915125       0.964183
1.42259       0.966081
1.05029       0.978765
1.38219       0.9863
1.20738       0.96666
1.14801       0.976427
0.799016       0.729715
1.30302       0.940559
0.949936       0.988397
1.3563       0.980556
0.844168       0.956619
1.02214       0.969877
0.54937       0.828287
0.955432       0.836956
0.965059       0.949772
1.04279       0.97293
1.39231       0.956452
1.30012       0.953494
0.997432       0.886926
1.53736       0.982639
1.38824       0.990149
0.965625       0.942327
0.966198       0.972584
1.00101       0.937028
1.02684       0.988542
0.768434       0.969065
1.10577       0.980185
1.28352       0.996685
0.919754       0.965585
0.736507       0.96417
1.41089       0.946452
0.616815       0.936356
0.978193       0.952844
1.19464       0.916753
1.36442       0.939622
1.34162       0.977985
1.47269       0.982882
1.42176       0.990797
0.886513       0.938978
1.3025       0.980876
1.32074       0.937116
1.0109       0.992982
0.966679       0.975839
1.53549       0.981788
0.702713       0.976273
1.10207       0.966815
0.600601       0.904046
1.31259       0.99345
1.03723       0.967336
1.46608       0.979003
0.631773       0.903321
1.15829       0.961052
1.3926       0.963903
1.62444       0.98692
1.62002       0.986962
0.933925       0.959503
1.17283       0.98183
1.0191       0.963203
0.679422       0.92875
1.07235       0.955308
1.06816       0.987056
0.87649       0.985604
1.07315       0.991593
1.50668       0.99057
0.921077       0.974354
0.9306       0.937287
1.06513       0.958571
0.780263       0.832357
0.845765       0.947094
0.965612       0.971721
1.29251       0.986621
0.983527       0.994279
1.02269       0.987342
0.783364       0.947782
1.03491       0.952777
1.4907       0.991603
1.14416       0.948604
1.24332       0.945432
0.528853       0.812375
0.807525       0.930897
1.35989       0.991613
1.22773       0.970937
1.03695       0.953644
0.766747       0.962414
0.853873       0.990125
0.921345       0.991887
0.940707       0.973867
1.05835       0.988526
0.787464       0.949474
0.589637       0.305787
1.10773       0.961787
1.07511       0.966035
1.09712       0.986939
0.736458       0.865459
0.922165       0.991205
0.844642       0.962472
1.24576       0.980176
1.29767       0.985076
1.35095       0.9753
0.997401       0.982794
1.5309       0.925403
0.732742       0.76636
0.629282       0.954555
1.05303       0.9706
1.07108       0.971408
1.01799       0.973622
1.20415       0.99282
0.894891       0.965528
1.17428       0.901189
1.02184       0.98641
0.567987       0.870742
1.2391       0.996908
0.995205       0.924317
0.567595       0.965668
1.8763       0.976505
0.924119       0.980725
0.676312       0.961025
0.997287       0.988079
1.17187       0.961979
0.599219       0.913545
1.22006       0.937014
1.05849       0.985513
1.6148       0.98434
1.02948       0.991611
0.961515       0.990402
1.00132       0.991238
1.28459       0.982135
0.938948       0.965508
1.03006       0.98484
0.913734       0.938678
1.22791       0.98759
0.694633       0.950444
1.199       0.978719
1.15973       0.990344
1.4226       0.952276
1.32902       0.985669
1.32165       0.953665
1.76348       0.983046
0.637989       0.775494
0.761268       0.97197
0.976216       0.985357
1.11625       0.985031
1.25926       0.985529
0.888509       0.945675
1.08615       0.981735
1.36901       0.981411
0.687751       0.907588
1.26058       0.928747
1.23656       0.983172
1.14581       0.974541
1.29399       0.983487
1.33704       0.975683
1.4412       0.983295
1.01005       0.979648
1.202       0.985872
1.16663       0.98598
0.977985       0.896424
1.28498       0.934031
0.943853       0.946316
1.33905       0.965859
0.850657       0.821591
1.00579       0.95915
0.849861       0.985565
1.55321       0.981655
0.669264       0.932892
0.903432       0.892536
1.13555       0.994948
1.26121       0.986561
0.911321       0.982831
0.686581       0.852473
1.23364       0.95665
1.48089       0.984909
0.850058       0.841316
0.897028       0.981335
1.01604       0.916464
1.34416       0.970478
1.18086       0.987061
1.08324       0.976618
1.29686       0.970656
1.11594       0.987897
1.17849       0.984777
1.61491       0.96545
0.944805       0.954469
1.05739       0.978575
1.23899       0.991365
1.12877       0.981366
1.17652       0.985316
1.43459       0.98181
0.86766       0.983109
0.541655       0.863307
1.18094       0.972656
1.11168       0.974627
0.672152       0.888044
1.29611       0.968972
0.795682       0.830788
1.20735       0.962444
1.39681       0.98812
0.514141       0.819264
0.68868       0.837225
1.61756       0.987641
1.21032       0.987907
1.19714       0.977324
1.28101       0.972827
1.01699       0.977437
1.13992       0.980781
1.45713       0.984594
1.34747       0.985871
0.616872       0.949999
0.8911       0.928595
1.15234       0.978901
1.06218       0.990907
1.22093       0.912117
1.0466       0.961628
1.38196       0.964353
1.22424       0.992856
1.06892       0.996337
1.35354       0.995014
1.08505       0.927888
1.14783       0.948057
0.808746       0.966228
1.04061       0.928135
1.24199       0.9417
0.888942       0.910521
1.71369       0.987796
1.67842       0.988413
1.2862       0.991243
0.846273       0.982839
1.04048       0.985593
0.919257       0.814302
0.70052       0.954653
1.41375       0.866418
1.24351       0.964103
1.20476       0.987239
1.07867       0.965906
1.54158       0.992919
1.26867       0.99161
1.5048       0.956076
0.855375       0.967541
1.20711       0.961386
0.913596       0.983599
1.47275       0.995212
1.40183       0.933903
1.25053       0.990567
1.41411       0.992696
1.28387       0.974346
0.921374       0.897352
1.06854       0.985203
1.21563       0.95988
1.01762       0.985375
1.22692       0.981277
0.834604       0.919245
1.16933       0.989756
1.19916       0.938102
0.926103       0.942965
1.15563       0.975104
0.99549       0.982836
0.59379       0.927379
1.36747       0.991885
1.05566       0.957466
0.860294       0.984066
0.814949       0.921091
1.14946       0.971571
0.90105       0.800715
0.646972       0.922817
1.00265       0.976179
1.08335       0.951102
0.569609       0.918826
1.25367       0.980768
1.06816       0.988847
1.1903       0.968548
1.37518       0.99266
0.830298       0.975547
0.89234       0.970794
1.23131       0.990968
0.988192       0.956556
0.893524       0.922836
1.00026       0.986251
1.1459       0.978258
1.00345       0.985515
0.91617       0.962916
0.95998       0.98711
1.24012       0.951431
0.763472       0.971998
0.924522       0.933978
0.929806       0.95841
0.969449       0.971894
1.11763       0.988711
0.951729       0.92827
1.2451       0.996955
1.00473       0.992242
0.796031       0.935608
1.00886       0.981544
1.12642       0.932943
0.770369       0.974592
0.869174       0.980757
0.681067       0.867159
1.62034       0.977387
0.855089       0.897169
0.790679       0.965995
1.19264       0.947123
0.930195       0.958526
0.840971       0.964723
1.12992       0.941421
1.4095       0.982138
0.965386       0.993219
1.37667       0.931612
1.07929       0.983727
1.46512       0.965195
1.09029       0.94894
1.3329       0.978621
1.10041       0.988407
0.710023       0.930034
1.04535       0.968964
1.11894       0.979793
1.11189       0.962232
1.11184       0.993272
0.814712       0.978293
0.917513       0.963793
1.34352       0.981103
0.966469       0.957734
1.00062       0.95287
1.25398       0.898759
1.23725       0.988633
1.12911       0.968856
0.855896       0.940696
1.12853       0.961583
0.803469       0.980245
1.30497       0.966137
0.60541       0.880745
0.988737       0.911093
1.12897       0.854232
1.0064       0.955759
0.979166       0.989238
0.696596       0.851193
1.1263       0.986649
1.38374       0.980638
1.1616       0.957415
1.08494       0.991478
1.22072       0.991038
0.910584       0.956887
1.22446       0.981641
1.04996       0.961341
0.871151       0.975506
0.825285       0.963384
0.705532       0.982334
0.966482       0.94172
1.20795       0.996308
0.722351       0.921183
1.12053       0.997186
1.13642       0.992573
0.808726       0.984987
1.29841       0.957866
1.23335       0.982732
1.35059       0.987091
0.663192       0.85431
1.17675       0.987577
0.859271       0.992787
1.04264       0.986404
1.11793       0.987998
0.714435       0.767008
1.07431       0.979735
1.06169       0.983274
1.08153       0.98284
0.962233       0.990517
1.23021       0.969143
0.958162       0.98652
1.51745       0.977973
1.13       0.991005
0.82746       0.974999
0.74212       0.888132
0.817309       0.991338
0.768325       0.970225
0.938986       0.973605
1.16295       0.984095
0.39012       0.914419
1.12984       0.952669
1.00256       0.981059
0.780348       0.872905
1.16085       0.986936
0.650111       0.926432
1.12492       0.974637
0.928281       0.970234
1.63376       0.989213
1.2332       0.960291
0.594723       0.98048
1.3569       0.981264
1.17138       0.975226
0.825973       0.956318
1.10725       0.984326
0.872129       0.978995
1.46375       0.962424
1.43846       0.98324
0.454584       0.714656
0.640271       0.983715
1.16262       0.972065
1.29783       0.983385
0.653245       0.896751
1.05389       0.929601
1.08817       0.926124
1.16836       0.975782
0.784509       0.779089
0.955354       0.970074
0.686141       0.963496
0.99412       0.976317
0.878087       0.964193
1.6338       0.960385
1.05596       0.919859
0.826621       0.987648
1.49617       0.986514
0.898302       0.91942
1.3303       0.929794
0.894362       0.90047
1.03377       0.987875
0.967776       0.961207
1.0606       0.954621
1.32301       0.988414
1.32236       0.963774
1.51886       0.99111
1.07344       0.950554
0.978567       0.979537
0.883872       0.980092
0.865794       0.982437
0.961757       0.982851
1.13406       0.976838
0.884562       0.948274
0.94916       0.935632
1.48247       0.991988
0.779596       0.984408
1.31835       0.989245
1.19095       0.965001
0.846148       0.982345
1.48578       0.993742
0.819904       0.812256
1.48491       0.990234
1.1329       0.979482
0.999258       0.99186
0.782839       0.888939
0.866446       0.960166
0.507743       0.927992
1.23798       0.932627
0.59903       0.927213
1.45677       0.990552
0.869065       0.988543
1.11876       0.924001
1.17668       0.975645
0.570113       0.602148
0.52102       0.593658
0.84281       0.975831
1.03036       0.971818
0.732457       0.982808
1.36757       0.993531
1.14588       0.993865
0.837456       0.983654
1.28224       0.984051
0.627319       0.965791
0.921889       0.984581
0.924397       0.945474
0.754372       0.857049
1.05383       0.964434
0.956819       0.924078
1.31829       0.944343
1.00702       0.96612
1.19967       0.994299
1.47899       0.894269
1.26349       0.985636
1.32502       0.876299
1.41065       0.99569
1.25098       0.988161
1.27318       0.80316
1.09531       0.980276
1.05554       0.97958
1.20171       0.976164
0.874153       0.988761
0.964171       0.937902
1.13769       0.974961
0.90308       0.968296
0.892329       0.992909
1.27018       0.982317
1.39125       0.991006
1.1539       0.968965
0.736748       0.979496
0.926781       0.958928
1.06486       0.978224
1.12562       0.990067
1.04293       0.979963
1.17462       0.985661
1.30985       0.969052
0.665097       0.913619
0.927821       0.993324
0.960321       0.98241
1.36423       0.984768
1.53504       0.984089
1.03148       0.977675
1.2735       0.970413
0.840819       0.958978
1.07705       0.988805
1.75209       0.967136
0.952165       0.931889
0.672894       0.967089
1.49232       0.988962
1.04127       0.987753
1.04253       0.991022
1.17738       0.990757
1.32315       0.94898
1.30048       0.945974
1.08317       0.970598
1.39091       0.980942
0.911997       0.981076
1.13313       0.978698
1.05371       0.996056
1       1
