1.36253       0.877534
1.38223       0.670583
1.14609       0.814059
1.08745       0.858159
1.13217       0.77129
1.31689       0.94872
0.69891       0.674281
1.11369       0.939034
0.743839       0.624256
1.01959       0.916568
1.39783       0.971489
0.897842       0.959062
0.845457       0.627988
0.859583       0.62681
0.915422       0.912373
0.652325       0.640666
0.883389       0.900572
0.674246       0.911243
1.0511       0.906282
0.956443       0.710275
0.905801       0.893072
0.830608       0.661067
0.932231       0.809197
1.28688       0.865749
1.02803       0.933611
0.844401       0.818523
1.27767       0.976231
0.752231       0.73808
1.28809       0.974071
1.11517       0.935779
0.88837       0.717455
1.44855       0.96425
0.841216       0.882961
0.704525       0.74232
1.62372       0.902643
1.9851       0.914845
1.48879       0.954537
1.08002       0.938594
0.753903       0.949949
1.21698       0.818989
1.14235       0.918644
1.3903       0.840598
1.53083       0.957544
0.885259       0.78831
0.903697       0.860144
1.44609       0.911898
1.32538       0.944592
1.82498       0.943439
1.14819       0.995244
1.25534       0.898903
0.692598       0.700709
1.54941       0.979569
1.03572       0.966016
1.47728       0.978947
1.3216       0.962082
1.36218       0.91602
1.03766       0.765526
1.05263       0.554464
1.21313       0.876064
1.34155       0.854281
0.787465       0.838695
1.27146       0.926273
1.11149       0.910776
1.01211       0.899568
1.507       0.9929
1.69173       0.695911
1.42803       0.914597
1.55444       0.973653
1.18107       0.904463
1.8554       0.909289
1.71871       0.769002
1.22068       0.927623
1.16224       0.574674
1.33003       0.895491
1.28959       0.925765
1.75037       0.977992
0.844252       0.947266
0.555682       0.838218
1.20391       0.590978
1.11606       0.623649
0.838451       0.936926
1.19879       0.747974
1.34862       0.81442
1.21385       0.922268
1.17209       0.906705
0.750225       0.809723
1.28978       0.873108
1.55113       0.967465
1.31603       0.901838
0.668993       0.835249
1.35588       0.9749
1.83098       0.96433
1.17878       0.760701
1.27718       0.880157
0.7442       0.836051
1.06773       0.842594
0.945297       0.887094
1.43469       0.964613
0.822757       0.915154
1.80834       0.896253
0.734612       0.919892
1.72097       0.965508
1.758       0.932377
1.20161       0.875295
1.35468       0.904437
1.80402       0.823827
0.732005       0.890461
0.933859       0.858101
0.921188       0.954249
1.35281       0.906859
1.47581       0.950169
0.866396       0.935749
0.533477       0.591699
0.894471       0.931271
1.43848       0.965952
0.977294       0.892439
1.20202       0.862118
1.46443       0.945086
1.23809       0.800694
1.4042       0.939515
1.30456       0.948433
1.19775       0.787304
0.861448       0.632582
1.11359       0.57075
0.98277       0.910586
1.41117       0.950221
1.05684       0.987063
1.276       0.919042
1.65937       0.740311
1.31225       0.914519
1.64436       0.957875
0.599033       0.889517
1.63096       0.751251
1.12784       0.982285
1.40837       0.914985
0.749878       0.747677
0.973066       0.950437
0.666756       0.963893
1.36524       0.782863
1.2192       0.957191
1.46581       0.832861
1.70397       0.8953
1.19619       0.849268
1.0103       0.959619
1.09658       0.836179
1.41719       0.913881
1.69284       0.972136
1.30371       0.953961
0.908791       0.812589
1.4718       0.983455
1.02692       0.756918
0.496261       0.914286
1.81372       0.932805
1.39836       0.882433
1.34426       0.842496
1.26631       0.670521
1.30773       0.969038
0.767316       0.893202
0.98371       0.950201
1.49843       0.912154
0.939552       0.952649
0.57197       0.862039
0.804524       0.911347
1.00586       0.805151
0.997735       0.956822
0.779338       0.811981
0.795941       0.772365
1.07954       0.785374
1.0076       0.755193
1.416       0.809446
0.849125       0.961834
1.47607       0.900709
1.34729       0.977158
1.08486       0.918651
0.790807       0.775672
1.00028       0.915726
0.599884       0.859971
1.09009       0.916716
1.24417       0.949484
0.832262       0.806204
1.19719       0.948758
0.97529       0.926833
1.40562       0.924557
1.66105       0.746008
1.39927       0.925419
1.3725       0.789211
1.4035       0.582113
1.08252       0.978843
0.515589       0.309343
1.77218       0.89668
1.30635       0.818917
1.45198       0.961612
1.09037       0.928996
1.44222       0.841892
1.94285       0.859734
0.781914       0.93388
1.27399       0.667767
1.26139       0.960114
1.131       0.805571
1.26928       0.934497
1.30306       0.915798
1.194       0.868476
0.910022       0.899109
1.58803       0.971736
1.12305       0.807358
0.769904       0.906447
1.30936       0.929687
1.50991       0.952541
1.30716       0.939824
0.85189       0.871475
0.963991       0.978547
1.21791       0.988399
1.17366       0.83904
1.43337       0.858038
1.32851       0.916758
0.948319       0.894617
1.09518       0.949866
1.44387       0.968226
0.795878       0.949899
1.60422       0.912552
1.39365       0.989533
1.6572       0.926099
0.921281       0.64497
1.20892       0.978852
1.4026       0.879807
1.67131       0.947912
0.720107       0.830372
1.60442       0.975505
1.51746       0.905483
1.05356       0.892209
1.13111       0.905261
1.09092       0.747618
1.38384       0.960046
0.75311       0.692857
1.2562       0.827645
1.04659       0.866451
1.61115       0.898292
1.0528       0.811877
1.03082       0.750107
1.65348       0.911752
1.01012       0.883911
1.64675       0.773092
1.02583       0.794923
0.993768       0.924498
1.05539       0.967503
1.03218       0.675132
1.54646       0.932325
1.65348       0.742432
1.16001       0.9625
1.20034       0.887628
1.31242       0.845487
0.668734       0.943076
1.1398       0.713323
1.146       0.954149
1.09215       0.960735
1.33156       0.941358
0.99255       0.938224
1.10161       0.96974
0.735744       0.915361
1.65633       0.980729
1.28941       0.797351
1.18366       0.820038
1.4539       0.938225
1.57124       0.765786
0.670808       0.789693
0.812331       0.802625
1.78054       0.938719
1.27724       0.953647
0.934361       0.78555
1.10853       0.973783
1.50981       0.886455
1.07518       0.887747
1.40431       0.928023
1.41272       0.740948
1.11659       0.861264
1.00323       0.880426
0.999048       0.736952
1.14653       0.934413
2.06685       0.982445
0.958739       0.932555
1.18586       0.81235
1.63556       0.868513
1.17932       0.978865
1.40188       0.932702
1.20958       0.969543
0.723253       0.67163
1.34861       0.703753
1.9789       0.968714
1.15005       0.928015
0.962216       0.880563
1.71343       0.963201
0.980997       0.927675
0.72272       0.720571
1.40564       0.944197
1.30713       0.971173
1.39121       0.992571
1.18782       0.830373
0.957358       0.836943
1.31168       0.918257
1.48485       0.918217
1.1531       0.972032
0.848951       0.882843
1.88142       0.94244
0.915939       0.922338
0.67469       0.9013
1.37067       0.957626
0.88397       0.940167
1.35958       0.93855
1.14139       0.717856
0.726491       0.725957
0.860842       0.771885
1.02385       0.677405
1.53442       0.933708
1.02468       0.961703
0.950316       0.419461
0.930699       0.969348
1.96511       0.938679
1.00349       0.839529
1.75549       0.507729
0.952611       0.904026
1.42615       0.872906
1.67081       0.937499
1.1027       0.732517
1.81418       0.912246
1.4143       0.913673
0.934417       0.964577
1.52307       0.942294
1.00251       0.900671
0.769127       0.917229
0.772326       0.580519
0.700055       0.93162
1.68681       0.924444
1.05259       0.94055
1.21433       0.958308
1.75068       0.954906
2.02364       0.757685
0.883364       0.711989
1.30414       0.791291
1.45555       0.915496
1.00051       0.907973
1.18722       0.869559
1.5183       0.966354
1.09199       0.9802
1.20532       0.494769
1.37269       0.952572
1.18568       0.757301
1.12487       0.925661
1.47341       0.79924
0.74621       0.924574
0.941938       0.497884
0.944619       0.890277
0.924566       0.383965
0.857891       0.721576
1.38855       0.978646
1.47323       0.957592
1.64515       0.879386
1.54486       0.930991
0.867717       0.695424
0.732855       0.953125
1.40674       0.959331
1.25181       0.961394
1.01125       0.971117
1.71485       0.887292
1.27081       0.855995
0.922204       0.924651
0.72804       0.899336
0.498786       0.658467
1.05368       0.738803
1.18109       0.858664
1.93377       0.895153
0.840375       0.925031
1.33783       0.855695
1.20481       0.834599
1.21742       0.741842
1.27914       0.951197
1.24803       0.975927
1.15772       0.924493
1.15496       0.88699
1.19136       0.823803
0.713427       0.697069
1.41659       0.750764
0.835769       0.935683
1.16573       0.685158
1.45823       0.983386
1.47105       0.885584
1.30094       0.768381
1.49554       0.973172
0.893275       0.974373
1.05742       0.87295
1.05456       0.937534
1.3038       0.90343
0.866533       0.803963
1.20385       0.949723
1.28289       0.984578
0.8927       0.89918
1.21741       0.784211
1.08479       0.908013
1.87664       0.963371
1.27642       0.815747
0.828104       0.802361
0.628269       0.739733
1.01659       0.909363
0.770454       0.927867
1.61293       0.922661
1.39324       0.924401
0.860157       0.954755
1.61266       0.973531
1.511       0.917661
1.45232       0.972812
0.729517       0.550596
1.5684       0.964025
1.03594       0.866992
0.960323       0.942054
0.88014       0.814563
0.643476       0.458847
1.39545       0.914486
1.06976       0.964549
1.71846       0.954243
1.90755       0.887021
0.717062       0.786968
1.28423       0.790992
1.91755       0.898198
1.59559       0.915683
1.50358       0.916747
0.662955       0.769423
1.64405       0.737542
1.0594       0.445872
1.36109       0.939882
1.17566       0.960947
0.730829       0.744324
1.65379       0.943986
1.03352       0.966889
1.24943       0.838003
1.43187       0.873941
1.10215       0.765755
1.00318       0.914438
1.19727       0.950406
1.09453       0.951635
1.69053       0.849451
0.813992       0.927849
1.92592       0.839308
1.75275       0.835533
0.944463       0.920619
1.026       0.893866
0.830141       0.794335
0.977883       0.937435
1.46968       0.847473
1.3041       0.899997
1.38202       0.956406
0.90564       0.514573
1.06247       0.492077
1.36971       0.74212
1.33867       0.854219
1.20861       0.878722
1.60321       0.930541
1.25447       0.931256
1.44722       0.982678
1.28685       0.969725
1.35258       0.949305
0.550442       0.857231
1.33861       0.812756
1.03245       0.94237
1.64044       0.979861
1.08282       0.981849
1.03217       0.684589
1.43228       0.814
1.05732       0.868541
0.970064       0.922351
1.86547       0.988776
1.91115       0.949885
1.21798       0.91533
1.58261       0.954775
1.41664       0.905874
1.28225       0.895916
1.49881       0.982278
0.761736       0.909875
1.59466       0.954477
1.41852       0.948356
0.816394       0.893513
1.20872       0.831581
1.40095       0.918882
1.20412       0.979866
1.13537       0.961096
1.2374       0.96622
0.991253       0.887984
0.893981       0.692262
1.39859       0.90399
1.03141       0.97444
1.42413       0.8761
1.21225       0.826766
1.64032       0.963968
1.80897       0.920324
1.19811       0.947732
1.46468       0.924073
0.771999       0.835017
1.11193       0.827422
1.71355       0.986141
0.943452       0.926716
1.38862       0.753308
1.0338       0.981981
1.10516       0.914109
1.13801       0.78061
0.956337       0.782016
1.35768       0.891273
1.44478       0.670121
1.37038       0.913452
1.85325       0.880147
0.841182       0.946965
0.792191       0.86482
1.10206       0.961683
1.5428       0.867787
0.960689       0.581434
1.22975       0.950231
0.637311       0.894324
1.44758       0.956114
1.08173       0.940817
1.54672       0.949925
1.1216       0.802106
0.615319       0.88599
0.720975       0.794109
1.96692       0.938062
1.81312       0.845839
1.25215       0.969195
1.095       0.896965
0.860476       0.736602
0.750382       0.940812
1.48859       0.811979
1.34221       0.987139
0.617786       0.887999
1.1034       0.809972
1.08488       0.942693
1.32305       0.899466
0.623572       0.280013
1.50403       0.972071
1.31031       0.965047
1.23582       0.761514
1.62397       0.97846
1.19318       0.984027
1.62747       0.983823
0.707718       0.581675
1.34712       0.891785
0.788645       0.870896
1.1886       0.926558
1.74067       0.936915
1.3459       0.937527
0.901721       0.626859
1.13441       0.966715
0.607909       0.663851
1.3091       0.943639
0.972006       0.925628
0.55051       0.755218
1.16481       0.917838
1.58056       0.850576
1.75353       0.948839
1.38636       0.983293
1.62027       0.906511
0.91571       0.884696
0.987749       0.804572
1.68826       0.969586
1.54633       0.96667
2.22663       0.926161
1.0246       0.866391
1.30771       0.95374
0.983799       0.907883
1.45491       0.86258
1.21883       0.813379
0.994847       0.900421
1.12841       0.97788
0.89724       0.886466
0.758073       0.783115
1.0793       0.85624
1.65932       0.922746
1.42486       0.892188
0.885839       0.938133
1.00425       0.941559
1.13246       0.785434
1.46393       0.959778
1.2114       0.933084
0.982924       0.754622
0.968408       0.938894
1.18037       0.947427
0.916636       0.884736
0.91755       0.903102
1.00358       0.900181
0.935053       0.895656
0.915208       0.870241
1.36858       0.978605
1.13195       0.949209
0.74802       0.649756
1.25379       0.902655
1.18238       0.914809
0.83813       0.806591
0.668741       0.722908
1.37718       0.838555
1.58356       0.99679
1.47656       0.952567
2.20902       0.963214
1.34227       0.959461
1.14952       0.96362
1.11231       0.801009
1.65743       0.960847
1.12309       0.910905
1.27682       0.931813
1.00812       0.783932
1.61607       0.864079
1.26762       0.907861
0.602657       0.913832
0.996624       0.913515
1.12612       0.942275
0.83194       0.938821
0.923122       0.728017
1.01992       0.924161
1.35564       0.933415
0.946973       0.66026
1.29342       0.88584
0.93466       0.794618
1.02267       0.909836
0.965992       0.941171
1.12186       0.885717
1.2772       0.857549
1.31865       0.91122
1.89187       0.977634
1.57385       0.948593
0.940637       0.68393
0.97464       0.54012
0.970029       0.945996
0.600653       0.922534
1.16869       0.899746
0.821773       0.849998
1.62821       0.926802
1.25273       0.962842
1.02135       0.868142
1.66169       0.982842
0.676853       0.939696
0.652516       0.687156
0.677528       0.8118
1.25701       0.730487
0.668734       0.857472
1.04463       0.444693
1.53922       0.883709
1.66831       0.701513
1.09394       0.969061
1.5308       0.95293
1.04572       0.821718
1.09832       0.606496
0.812577       0.942049
0.918901       0.654625
0.993764       0.913439
1.31803       0.967814
1.01151       0.772515
0.876007       0.914183
1.04831       0.554846
1.01326       0.931435
1.01806       0.880162
1.32993       0.906874
0.877917       0.936126
2.1685       0.970876
1.13238       0.952658
1.7119       0.923619
1.47353       0.794763
1.22962       0.934613
1.19218       0.796305
0.978339       0.852011
0.712013       0.389804
1.71894       0.98454
1.05528       0.934718
0.60015       0.585224
1.51445       0.822044
1.1927       0.976271
0.963583       0.93738
0.902718       0.849893
0.674687       0.817329
0.734807       0.907367
1.13206       0.934202
1.56079       0.904583
1.41105       0.853833
0.507803       0.5717
1.35454       0.867605
0.550412       0.669408
1.47528       0.903303
1.47392       0.962348
1.56948       0.803664
0.613576       0.597938
0.742769       0.253925
1.15962       0.656072
0.964565       0.84805
0.910775       0.892634
1.69704       0.920583
1.7965       0.993399
0.955849       0.981661
1.44414       0.911932
0.864644       0.886089
1.28574       0.828493
1.95875       0.899847
1.19977       0.929035
1.56192       0.96072
1.00573       0.858767
1.05279       0.730898
1.60601       0.934882
1.72249       0.959638
1.35239       0.945268
1.7419       0.971049
0.946308       0.68855
1.56428       0.898479
0.964079       0.679598
0.661647       0.904808
1.30977       0.946455
1.1563       0.847234
0.861627       0.985646
1.57046       0.973523
0.96013       0.82267
1.12358       0.898907
1.02634       0.958362
1.8426       0.839257
1.75532       0.956517
1.00635       0.941596
1.46122       0.882963
0.833734       0.687703
0.98689       0.634699
1.26622       0.940353
1.57979       0.93982
0.934386       0.920014
1.24097       0.918285
0.663624       0.253201
0.545592       0.440475
1.49444       0.986777
0.803485       0.893067
1.22376       0.820323
1.39228       0.807867
1.31945       0.880255
1.57289       0.96148
1.57208       0.944682
1.24011       0.942514
1.06741       0.926069
0.765913       0.796309
0.958122       0.951747
1.0557       0.869366
1.19344       0.953978
0.555103       0.850124
0.747149       0.899077
1.18644       0.904699
1.52077       0.917465
1.31972       0.956361
1.14602       0.942763
1.31343       0.941219
1.31908       0.967842
1.30035       0.928284
1.96449       0.925282
1.77909       0.920182
0.830805       0.779856
1.30109       0.886905
1.34701       0.988508
1.50465       0.972908
0.811042       0.877341
0.788735       0.569718
1.61375       0.943556
0.805195       0.79417
1.10607       0.576246
0.936667       0.967847
1.00334       0.91012
0.81191       0.955982
0.952315       0.869887
1.42639       0.926303
1.08122       0.974354
1.21205       0.943726
1.15344       0.764264
0.877376       0.722915
0.898112       0.721913
1.49634       0.953093
0.643281       0.649313
0.539309       0.767995
1.57135       0.946805
1.41675       0.873064
1.32878       0.767339
0.862474       0.78231
0.946519       0.446686
1.83769       0.910902
1.08679       0.982658
1.3404       0.972975
1.28641       0.910625
0.637876       0.455132
1.40724       0.928859
0.852192       0.897636
1.02365       0.846717
1.81053       0.941894
1.60837       0.936947
0.478837       0.731824
0.957394       0.931103
1.31729       0.932598
0.86201       0.883273
1.24659       0.648088
1.05502       0.92394
0.765511       0.770021
0.475656       0.891989
1.18393       0.844203
0.845588       0.720353
0.886182       0.975021
0.789485       0.524964
1.33665       0.947217
1.34858       0.985413
1.79462       0.739355
1.28045       0.966191
1.2085       0.947948
1.36306       0.895654
1.06559       0.955402
0.860811       0.819337
1.16286       0.828284
1.05281       0.972876
1.48091       0.927736
1.03494       0.925724
1.03271       0.744147
0.925407       0.78269
1.51079       0.842633
1.78566       0.944391
1.47724       0.932115
1.09313       0.946618
1.16968       0.969484
1.09742       0.943612
1.4078       0.849054
1.21507       0.770736
1.80329       0.967542
1.51871       0.900546
0.807554       0.513884
1.35148       0.959916
1.65337       0.920855
0.699716       0.92837
1.17995       0.818495
0.748632       0.926575
2.07876       0.978918
0.951972       0.863828
1.01843       0.961989
1.5741       0.968398
1.00522       0.718554
1.52467       0.949822
0.979257       0.883087
0.992553       0.879193
1.54304       0.936406
1.50873       0.944732
0.982023       0.923596
1.01586       0.951367
0.881042       0.914039
0.904669       0.946612
1.23946       0.877825
0.979172       0.94549
0.447753       0.932693
0.505518       0.723607
0.662002       0.501816
1.18611       0.788292
1.19801       0.561499
0.914775       0.929056
0.744395       0.438792
0.824392       0.747353
0.866918       0.587535
1.13541       0.897799
0.892294       0.932205
1.08586       0.921163
1.65261       0.967867
1.87045       0.903669
1.11582       0.974417
0.698871       0.675436
1.08956       0.888485
0.992011       0.882088
1.17463       0.939506
1.79986       0.991294
1.6697       0.850681
1.08872       0.964322
0.930962       0.893533
0.870028       0.891159
0.971691       0.942164
1.10766       0.838376
0.657284       0.575558
1.38898       0.902108
1.22039       0.966848
1.01508       0.977391
0.648225       0.880658
0.996986       0.949821
1.36436       0.917116
1.37916       0.846497
1.23964       0.85728
1.04448       0.888603
1.24532       0.836551
0.779245       0.822603
1.26522       0.933796
0.57867       0.735808
1.86161       0.819545
1.70187       0.927644
0.911531       0.964752
1.12924       0.863931
1.06644       0.871597
0.851149       0.884895
1.20976       0.903672
1.2591       0.982127
1.92284       0.989265
1.03758       0.781439
1.10013       0.959722
1.18164       0.835404
1.54858       0.982691
1.14203       0.788566
1.09418       0.959125
1.08773       0.781902
1.72429       0.990927
1.08538       0.79536
0.976072       0.88376
0.77845       0.888456
0.846533       0.70575
1.75927       0.914777
1.64059       0.99597
1.32327       0.849075
0.802073       0.653906
0.617498       0.83519
0.869844       0.877609
1.08357       0.924487
1.29934       0.945092
0.877863       0.736086
1.51335       0.928809
1.25436       0.97716
1.44155       0.759434
0.765663       0.832226
0.867467       0.768971
0.508606       0.878607
1.15232       0.936431
0.994102       0.900419
1.40416       0.94157
1.89491       0.977029
0.930684       0.673822
0.946076       0.733596
1.16842       0.920125
1.14816       0.947243
0.912462       0.874428
1.10665       0.93593
1.17881       0.855565
0.685023       0.73734
1.67933       0.896396
0.788146       0.341863
0.74654       0.420739
0.94522       0.703098
0.768119       0.785569
1.40407       0.920625
0.662067       0.823094
0.974885       0.889453
0.514627       0.821802
1.17493       0.952201
1.45899       0.899657
1.06254       0.898222
1.49535       0.708638
0.983592       0.910226
1.07801       0.923558
1.59486       0.94701
0.634352       0.37761
1.25854       0.984092
1.48775       0.93583
1.33642       0.918925
1.38714       0.965921
1.2639       0.951244
1.14112       0.596316
0.828928       0.257512
0.855096       0.715853
1.29084       0.801607
1.39953       0.87653
1.45393       0.977386
1.10597       0.678183
1.32308       0.836185
1.18838       0.59398
0.850037       0.873052
1.04428       0.973183
0.935671       0.940459
1.62467       0.953298
1.23458       0.88193
0.891086       0.918827
1.80573       0.9691
1.27147       0.873758
1.386       0.975396
1.21536       0.564808
1.29885       0.905728
0.585572       0.753122
1.01866       0.910575
1.63191       0.846681
1.07983       0.976992
0.919502       0.967189
1.73799       0.908378
1.3302       0.952202
0.715359       0.928179
0.880352       0.973926
0.967847       0.851438
1.04515       0.877332
1.06084       0.951825
1.36229       0.943881
1.0501       0.903625
1.50062       0.943195
1.48082       0.919997
1.36392       0.887448
1.27735       0.969846
0.939542       0.69156
0.958176       0.93809
1.02857       0.87621
1.33126       0.70559
1.09665       0.948807
1.35811       0.977384
1.25349       0.940514
0.583219       0.514761
1.09371       0.657985
1.29515       0.936702
1.46818       0.950345
1.40745       0.859148
1.09558       0.964885
1.39668       0.899252
1.43268       0.904297
1.18676       0.907072
1.35881       0.923648
0.589346       0.316506
0.683514       0.848773
1.12596       0.922406
0.818768       0.649715
1.16028       0.806186
0.759128       0.640993
1.21043       0.690658
1.84239       0.983267
1.12686       0.903242
1.11668       0.846324
0.628061       0.847649
1.36916       0.889119
0.71412       0.8368
1.10453       0.822793
1.29536       0.939754
1.11488       0.760679
0.849388       0.75957
1.10896       0.798255
1.27508       0.878203
1.48285       0.85492
0.948282       0.95226
0.743951       0.876836
1.46231       0.949062
0.799005       0.968208
0.408999       0.675971
0.804448       0.96732
0.689698       0.782828
1.70283       0.938145
1.84527       0.954118
1.38634       0.964286
1.18659       0.917299
0.985678       0.91759
0.638643       0.735584
1.43736       0.808384
1.46975       0.935487
1.38191       0.921626
1.09461       0.939614
1.40929       0.8419
1.48794       0.949595
1.77674       0.974074
0.724888       0.829232
1.91286       0.896294
1.18458       0.976466
1.12972       0.859419
1.32854       0.645887
1.52599       0.930036
1.13278       0.912393
0.994858       0.850275
1.25502       0.858058
1.64971       0.947899
1.01614       0.869073
1.33559       0.910605
0.936713       0.828409
1.10827       0.484141
1.63392       0.989346
1.17505       0.951217
1.59979       0.8749
1.07161       0.911573
0.665773       0.793932
1.33773       0.770781
1.61292       0.979859
1.28629       0.956836
1.00573       0.895424
0.907003       0.693889
0.821032       0.71541
0.981325       0.926492
1.58748       0.954768
1.06085       0.949526
1.7427       0.930479
1.73886       0.959324
1.48317       0.933866
1.43543       0.80534
1.18926       0.959114
1.48174       0.921951
1.03972       0.868455
1.37446       0.921702
1.26316       0.9295
0.767374       0.855054
1.483       0.922635
1.12087       0.495573
1.30745       0.941596
1.07728       0.923076
0.825661       0.933854
2.07255       0.990992
1.26499       0.982328
1.05805       0.771009
0.615934       0.911109
0.536977       0.55479
1.04819       0.866656
1.53142       0.928328
1.03631       0.947574
1.13956       0.870209
1.81472       0.956136
1.41079       0.820482
1.31471       0.9201
0.901893       0.867049
0.899061       0.899113
0.802316       0.929764
1.06413       0.488254
0.445004       0.688387
1.66257       0.920034
1.43836       0.903846
1.2874       0.914818
1.10231       0.955925
0.794706       0.90496
1.25869       0.803357
0.600389       0.748524
1.1592       0.898955
1.23575       0.941393
0.715907       0.588021
1.66644       0.939924
0.74785       0.793891
1.60325       0.91905
1.23354       0.888538
1.25723       0.923745
1.18133       0.928936
1.21838       0.905942
1.18918       0.962786
1.74407       0.985521
1.00981       0.849151
1.24888       0.902333
0.785541       0.656457
0.853518       0.907554
1.21333       0.975941
0.896031       0.414807
1.53809       0.914119
1.32598       0.988858
1.13493       0.922915
1.22438       0.971291
0.911115       0.946811
0.868456       0.76259
1.09079       0.785847
0.787968       0.895689
0.955148       0.981348
0.877317       0.924482
1.19823       0.822101
1.35589       0.848471
1.79282       0.96664
1.59721       0.96683
0.621252       0.662018
0.855831       0.746218
1.2838       0.955962
1.24518       0.844697
1.99302       0.984787
0.911301       0.898883
1.27413       0.765038
2.33061       0.773512
1.60259       0.953031
1.43133       0.786099
0.869408       0.88615
1.31234       0.851065
1.34316       0.842537
1.18493       0.981371
0.698185       0.258603
1.13828       0.919288
0.548621       0.352296
1.25459       0.992416
0.430229       0.410093
0.865243       0.719383
0.774649       0.91082
0.819197       0.728825
1.3019       0.926314
1.27644       0.898113
1.03555       0.583449
0.463403       0.424501
0.730927       0.770833
1.18908       0.443732
0.793602       0.88337
1.28785       0.97283
0.558569       0.847425
0.933551       0.921829
1.05974       0.97014
1.06408       0.916532
1.22848       0.912284
1.60339       0.954866
0.503197       0.562578
0.608621       0.68517
1.08864       0.941561
1.30761       0.884132
1.24966       0.916816
0.934072       0.84467
1.26761       0.941396
1.57086       0.777508
1.07083       0.7654
1.32294       0.898791
1.29643       0.942983
1.56517       0.953937
1.28933       0.968323
1.23311       0.923333
1.62423       0.882104
1.0885       0.973728
0.902825       0.965736
1.10083       0.889832
0.874786       0.920718
1.47287       0.924439
1.51775       0.922328
1.43062       0.865332
0.905266       0.879591
1.48662       0.98403
0.865529       0.849543
0.911329       0.870254
1.3141       0.948004
1.16615       0.839175
0.456335       0.739796
1.56484       0.820378
1.11318       0.947903
0.760591       0.844184
1.6156       0.957576
0.93827       0.788718
1.02107       0.833889
1.95714       0.891549
1.25515       0.959301
1.46306       0.863295
0.941552       0.55694
1.50526       0.968162
1.22587       0.807624
1.2623       0.980992
1.172       0.883759
1.25565       0.737269
0.534178       0.798093
1.26463       0.977273
1.53877       0.904663
0.499887       0.451189
1.13319       0.867561
1.06915       0.898587
1.01168       0.955238
1.25643       0.734163
0.823106       0.918318
1.28587       0.893759
0.942864       0.883906
1.35797       0.984169
0.966027       0.889025
1.13443       0.92555
1.14253       0.757905
0.818031       0.824119
1.51296       0.732718
0.94697       0.886837
1.1259       0.888493
1.34803       0.878465
1.19949       0.786608
1.41772       0.852959
1.26428       0.958509
0.99046       0.943613
1.03326       0.731317
1.00863       0.850816
0.749331       0.886522
1.1646       0.850223
0.718627       0.82002
1.05982       0.894569
1.36727       0.788056
0.785926       0.825198
0.842741       0.733551
1.33623       0.842164
0.988286       0.8276
1.26411       0.737257
1.34179       0.988684
1.14693       0.792313
1.10247       0.888571
1.9311       0.595081
1.41551       0.924862
0.879673       0.963676
1.1282       0.891497
1.45056       0.79057
1.4561       0.9024
0.793948       0.733051
0.958473       0.91931
1.25415       0.940175
0.773149       0.90115
1.301       0.87244
1.00512       0.985303
1.39159       0.835156
1.18996       0.88444
1.12695       0.606405
1.12471       0.821038
1.0519       0.798502
1.49744       0.89248
0.761604       0.695226
0.992801       0.89842
1.01111       0.853227
0.788384       0.83764
1.31102       0.950186
1.43538       0.968346
1.22991       0.778831
1.29147       0.987394
0.84647       0.838648
0.520548       0.572399
0.645532       0.69621
0.910727       0.631051
1.361       0.581209
0.943376       0.800694
1.37007       0.971284
1.20226       0.956557
0.992991       0.880685
1.38124       0.94392
1.25741       0.927216
0.933752       0.905165
1.02705       0.777394
1.53091       0.964438
1.2268       0.946276
0.965516       0.899098
1.44231       0.91955
1.25388       0.7339
0.802858       0.72177
1.44783       0.908183
1.52529       0.832018
1.50766       0.799817
1.27245       0.881456
1.39668       0.857376
1.30064       0.972088
1.24944       0.925831
1.51549       0.770876
1.41025       0.9628
1.73882       0.951278
0.793931       0.923743
0.816433       0.641745
1.3915       0.259813
0.849961       0.788937
1.06549       0.384462
1.18178       0.715402
1.56332       0.901031
1.23347       0.906378
1.28942       0.586811
1.54455       0.469779
0.53978       0.719651
1.31178       0.794018
1.48337       0.954498
1.31315       0.952236
0.627463       0.494583
1.25353       0.858142
1.36131       0.941667
0.898662       0.883947
1.25238       0.844747
0.981165       0.820012
0.833252       0.981011
1.11756       0.85283
0.956139       0.810336
1.67672       0.693029
1.10965       0.983144
1.36282       0.933963
0.779433       0.945229
0.954301       0.905771
1.16521       0.932888
0.930622       0.937741
0.630563       0.884201
1.27482       0.971311
1.43682       0.969064
1.15165       0.877592
1.15022       0.765438
1.32735       0.916052
0.839161       0.592544
0.679687       0.911255
1.20519       0.963403
1.39018       0.932684
1.09909       0.649371
0.690348       0.889908
0.906205       0.863352
2.26298       0.918083
1.3182       0.945132
1.30295       0.665501
1.05776       0.67358
1.1343       0.945462
0.742666       0.909401
1.35802       0.985555
1.15448       0.727653
0.645797       0.644314
1.26089       0.908199
1.2313       0.96133
1.41652       0.947711
1.36299       0.940403
1.48242       0.936303
1.76796       0.972582
0.781658       0.769972
1.75357       0.949095
1.30949       0.894783
1.58325       0.924521
0.882537       0.929932
1.1651       0.870206
1.61146       0.968401
1.01902       0.951975
1.41987       0.838658
1.4119       0.912849
0.797145       0.822651
0.801257       0.793751
1.5872       0.966376
0.630738       0.942726
0.735673       0.87133
2.11622       0.963915
0.978882       0.880169
0.913594       0.932345
0.958115       0.859337
1.56937       0.866755
0.886712       0.716431
1.74174       0.93999
1.40818       0.914464
0.872856       0.96765
1.05859       0.96845
1.17466       0.693556
1.27942       0.873265
1.57374       0.961037
1.11576       0.867787
0.961015       0.953819
1.40872       0.901263
0.777102       0.762442
1.01727       0.908279
2.03126       0.911263
0.911889       0.652673
0.907792       0.955895
1.21821       0.946844
1.46163       0.942739
1.19949       0.785366
1.28883       0.866874
0.80847       0.95821
1.45524       0.982905
1.76612       0.983369
0.827247       0.893901
0.663296       0.869245
1.67114       0.973176
0.956542       0.73062
1.34216       0.977849
1.0454       0.936419
1.09518       0.9345
1.12337       0.942355
0.699369       0.858196
0.885633       0.921214
1.43784       0.89834
0.900523       0.687874
1.76787       0.849731
1.0905       0.983041
1.55277       0.938971
0.905097       0.830649
0.928502       0.868112
1.65458       0.853823
1.47961       0.932575
0.923927       0.909389
1.38279       0.82516
1.45197       0.992287
1.47814       0.977602
1.57849       0.905582
1.64049       0.929062
1.31623       0.841472
1.62131       0.815282
0.835248       0.923556
0.698312       0.71829
0.907934       0.82997
1.78589       0.960761
0.87304       0.535644
1.63109       0.981664
0.8017       0.639849
0.875813       0.945715
1.55487       0.936515
1.24859       0.974908
0.916545       0.945907
1.69662       0.926782
0.875325       0.970773
1.48675       0.979061
1.23492       0.925854
0.988023       0.776162
1.29321       0.970738
0.865894       0.885095
1.6594       0.829428
1.36499       0.98112
0.783666       0.900675
1.1261       0.913132
0.761268       0.775184
1.3157       0.984678
0.848489       0.907032
1.69997       0.979606
1.12165       0.707501
1.51793       0.797102
1.29011       0.970923
1.72395       0.981017
0.89686       0.910031
1.48753       0.90644
1.04636       0.824448
1.224       0.844941
1.03689       0.812318
2.24455       0.929723
1.19389       0.843628
1.55632       0.954233
1.29002       0.955426
1.22343       0.932481
1.36323       0.922646
1.45299       0.826081
1.78697       0.970308
1.01092       0.808016
1.12447       0.976511
1.26562       0.729815
0.667932       0.477161
1.06038       0.804459
0.71994       0.708883
1.64044       0.968647
1.1334       0.973594
1.96834       0.98384
1.55181       0.965387
0.843493       0.711735
1.31689       0.982973
0.392168       0.781955
1.37454       0.847708
1.22779       0.943635
0.604797       0.753067
1.36957       0.856136
1.10669       0.909844
1.25769       0.824907
0.934449       0.657894
1.70105       0.875189
1.49477       0.91403
0.899709       0.932371
1.24946       0.984484
1.15249       0.925304
1.36625       0.965756
1.10432       0.873791
0.866109       0.976361
1.23263       0.972862
1.37587       0.935307
1.16392       0.967918
1.26504       0.908128
1.82495       0.970829
0.594167       0.317949
1.41859       0.707248
1.14022       0.853739
1.19645       0.74442
1.0364       0.94657
1.31563       0.980502
1.49943       0.840828
0.51905       0.498985
1.55816       0.882154
1.1487       0.792864
0.995228       0.930715
0.524107       0.55759
1.48917       0.980987
1.06593       0.964985
1.12636       0.902062
1.16668       0.969187
1.55418       0.927843
1.0177       0.549717
1.41266       0.981611
0.833006       0.718655
0.83813       0.887797
0.98947       0.957915
1.5394       0.581766
0.944159       0.968878
1.57321       0.951489
1.50796       0.860385
1.37662       0.950452
1.62877       0.840512
0.939378       0.521216
1.39112       0.95726
1.15811       0.936874
0.684565       0.680154
1.31004       0.938383
0.775746       0.854738
0.880336       0.587922
1.69217       0.903172
0.697495       0.565807
1.25132       0.966352
1.09641       0.969129
1.02943       0.890476
1.9203       0.912007
1.37394       0.891981
1.77866       0.97519
1.30211       0.91149
2.50119       0.976988
0.943822       0.970324
1.03514       0.97167
1.30957       0.887688
1.16969       0.888188
1.53486       0.955041
1.30204       0.884102
1.3682       0.976097
1.32708       0.945801
1.16968       0.89287
1.66114       0.951434
1.22615       0.414997
1.25721       0.918095
1.74135       0.94336
1.30143       0.974011
1.0843       0.625496
1.50758       0.843698
1.06363       0.982516
1.40493       0.97926
0.919785       0.906464
1.24253       0.874742
2.08966       0.949105
0.845975       0.531178
1.38935       0.933262
1.52419       0.968446
0.933095       0.564389
0.767499       0.90157
0.906265       0.826522
0.45954       0.523893
1.19308       0.894781
0.491037       0.857985
0.406608       0.853669
1.26338       0.808493
0.659695       0.719634
1.17241       0.887904
2.13818       0.932416
1.71575       0.896974
1.11363       0.835059
1.69987       0.949967
1.50239       0.897884
1.04799       0.610211
1.20741       0.952821
1.14236       0.978159
0.88932       0.970081
1.45861       0.844844
1.57637       0.647435
0.812359       0.930425
0.775891       0.47474
1.32764       0.838511
1.19726       0.884547
1.02962       0.969046
1.02583       0.974887
0.955502       0.825982
1.09277       0.934474
1.61475       0.877605
1.42644       0.982056
1.4898       0.817815
0.892285       0.853972
0.984438       0.939029
1.71291       0.826594
0.663053       0.932368
1.00738       0.809449
1.12903       0.884072
1.04056       0.8796
1.39123       0.903164
1.93051       0.980152
1.04356       0.786596
1.06125       0.855898
0.71437       0.796702
1.23328       0.837943
1.2861       0.860861
1.15514       0.858878
1.41309       0.746021
0.713483       0.555291
1.13172       0.908198
1.36477       0.929313
1.55307       0.877215
1.64045       0.986173
1.22082       0.944107
1.406       0.988025
1.46166       0.933919
1.51744       0.861718
0.59832       0.672352
1.26699       0.947227
1.32295       0.895118
1.21232       0.917102
0.670381       0.663797
0.724235       0.729128
1.05599       0.856333
1.05547       0.958127
1.34238       0.986158
0.817622       0.930078
0.875075       0.895982
0.727693       0.939975
1.25304       0.919309
0.949119       0.924213
1.30563       0.660802
1.36485       0.840318
1.24039       0.889046
0.926218       0.886518
0.901941       0.68837
1.23383       0.917803
1.25479       0.960468
1.09653       0.889293
0.553263       0.300886
0.548211       0.376012
1.13041       0.671654
0.873673       0.86048
1.43479       0.957115
1.54349       0.585734
1.043       0.912287
1.4852       0.93517
0.496745       0.656359
1.5039       0.96541
0.905816       0.710266
0.816737       0.831938
1.37424       0.862242
0.964415       0.748184
1.1728       0.830804
1.03286       0.845857
1.40676       0.891313
0.478984       0.908955
0.859723       0.849238
0.802408       0.930325
0.913059       0.896239
0.947766       0.870659
1.09566       0.809146
1.09618       0.741596
1.59556       0.941812
1.69366       0.875571
1.39747       0.793736
1.39889       0.723526
1.4869       0.991263
1.00691       0.807296
1.70108       0.955363
1.31044       0.885055
1.93047       0.961658
0.769981       0.93674
1.15198       0.834074
0.935926       0.893754
1.32531       0.848718
0.837871       0.931296
1.20429       0.724216
0.668007       0.735899
1.27032       0.923461
1.35453       0.986026
1.1655       0.970494
1.02435       0.82232
1.60997       0.85866
1.26194       0.95086
1.16951       0.82029
0.710962       0.841794
1.39056       0.969469
1.21518       0.779372
1.42232       0.778004
1.40908       0.966812
1.03556       0.780677
1.55878       0.937331
0.815182       0.712629
1.33294       0.896727
1.48028       0.969361
1.02845       0.60906
1.39755       0.931585
0.844101       0.803052
1.62247       0.769834
0.866258       0.911923
0.830685       0.696924
1.23649       0.984752
1.81945       0.924742
0.707083       0.649011
1.30186       0.971625
1.11462       0.926002
0.945659       0.0160097
1.42949       0.944778
1.11036       0.91008
0.594828       -0.304519
0.708141       0.531374
1.19677       0.917532
0.884714       0.918156
1.03273       0.688441
0.796204       0.84169
1.65207       0.584453
1.08803       0.833902
1.28649       0.951378
1.46338       0.891399
1.74795       0.838021
1.18435       0.924091
0.764056       0.695249
0.989137       0.794901
1.19263       0.668221
1.36751       0.916894
1.43564       0.974196
0.685475       0.753882
1.06704       0.949312
1.25477       0.965019
1.14886       0.900791
0.89195       0.929992
0.634468       0.326957
1.66035       0.92276
0.577666       0.775712
1.18287       0.84249
0.833868       0.90275
1.09497       0.926543
1.10109       0.929181
0.825224       0.866113
1.04702       0.946529
1.246       0.933083
1.11735       0.517396
0.904904       0.807799
1.45462       0.719755
1.39132       0.878555
1.1775       0.671271
0.670857       0.931201
1.2398       0.950171
1.4886       0.988261
1.38161       0.534431
1.2755       0.922382
1.02446       0.976167
1.74346       0.940382
1.09784       0.737054
0.887964       0.898781
0.839642       0.887549
0.834004       0.898048
1.15161       0.835788
1.39196       0.945723
1.2524       0.808027
0.814558       0.817896
1.40818       0.973209
1.10028       0.426392
1.39182       0.828936
1.15018       0.93844
1.44277       0.848751
0.812727       0.938781
1.33133       0.71133
1.54515       0.97069
0.746022       0.838229
1.63302       0.943884
1.5689       0.964343
0.965214       0.94713
1.13716       0.709465
0.782591       0.823665
1.5962       0.935463
0.794184       0.966099
1.20263       0.930048
1.09372       0.877866
1.17279       0.900419
1.07062       0.899482
0.967495       0.895315
1.14665       0.928208
1.55665       0.83772
1.00767       0.949103
1.32376       0.86615
1.74212       0.98235
0.44637       0.5987
0.899654       0.94199
0.866754       0.911154
1.88661       0.71632
1.16629       0.988577
0.999812       0.934919
1.08218       0.948996
0.908253       0.882183
1.25642       0.978965
1.26719       0.979228
1.29712       0.745848
0.962944       0.945715
0.794078       0.912284
1.41213       0.951174
1.1995       0.945057
1.23276       0.970874
1.50925       0.934778
2.19644       0.962003
0.789596       0.610368
0.954424       0.481504
1.2395       0.862117
1.7469       0.955669
0.987379       0.740495
1.7517       0.873968
1.19658       0.849165
1.29586       0.868336
1.27712       0.875695
0.815341       0.562373
1.25756       0.871989
0.858255       0.458085
1.39967       0.790613
1.43847       0.944643
0.899089       0.943044
1.06265       0.96107
1.43474       0.957057
1.003       0.840894
1.41836       0.987071
1.25665       0.909098
0.732602       0.648278
1.12472       0.968872
0.758169       0.888776
1.59535       0.845326
0.903849       0.842514
0.8071       0.811066
1.11396       0.850097
1.13691       0.814214
0.962091       0.665647
0.848601       0.714872
1.08855       0.914974
1.76446       0.957163
0.948824       0.833535
0.799347       0.672466
0.99285       0.991376
1.48269       0.798532
1.05556       0.860988
0.91888       0.97574
1.44333       0.951534
1.53223       0.960994
0.929891       0.935306
1.32273       0.94766
1.75262       0.969934
1.28107       0.896043
1.3321       0.960724
1.48982       0.910366
1.0203       0.956424
0.844306       0.818542
0.98305       0.26224
1.43389       0.939366
1.20597       0.872038
1.04008       0.73902
1.43715       0.848815
1.55654       0.921501
1.23964       0.962865
1.15091       0.922364
1.4302       0.917276
0.871693       0.88263
1.13991       0.742893
1.13579       0.956539
0.630112       0.754604
1.33661       0.920205
1.48793       0.902433
0.863088       0.859029
1.09175       0.835874
2.20476       0.954636
1.07416       0.956876
0.443352       0.757904
1.02208       0.730637
1.05039       0.875002
1.72703       0.896989
1.16276       0.915894
1.32128       0.960664
0.931159       0.670961
1.36715       0.931646
1.11595       0.885818
0.76921       0.760137
1.06176       0.891883
0.980867       0.900733
1.38791       0.962597
0.80369       0.672696
1.10635       0.963346
1.86901       0.963795
1.16013       0.960246
1.273       0.75568
1.2562       0.751268
1.36729       0.847257
1.50807       0.932752
0.672373       0.95714
0.970479       0.948445
1.38506       0.880898
1.58749       0.884471
1.47933       0.954018
1.22194       0.739857
0.95065       0.833767
0.796806       0.691083
1.57558       0.958789
0.800988       0.911003
0.956121       0.678566
1.17751       0.946813
1.27087       0.682174
1.04216       0.830463
0.801972       0.883081
1.04571       0.959639
1.39687       0.931592
1.27756       0.882895
1.15533       0.938278
1.26958       0.941188
1.70255       0.943093
0.692601       0.937049
1.14654       0.951586
1.25126       0.876123
1.41944       0.963296
1.25871       0.976928
0.823382       0.917727
1.37967       0.926609
1.46829       0.913737
0.832923       0.421793
1.35743       0.939056
1.82489       0.926278
1.04123       0.948665
1.10277       0.93787
1.00754       0.811771
1.04616       0.796302
1.23959       0.945996
1.25604       0.910668
1.58788       0.902954
0.899967       0.952015
1.24736       0.928174
1.1845       0.678693
0.827511       0.774882
1.24067       0.967155
0.830889       0.74346
1.38531       0.893564
1.18424       0.816591
0.541885       0.82713
1.01888       0.901903
0.803633       0.785271
0.833475       0.758011
1.07569       0.762959
1.76046       0.86918
0.776939       0.790315
1.18801       0.965807
1.34714       0.953131
1.11327       0.947223
1.19486       0.882355
0.987302       0.628176
1.04765       0.753274
1.22634       0.85124
0.979309       0.751072
0.738123       0.939352
1.30731       0.954707
1.85877       0.957301
1.01805       0.960848
0.95827       0.961733
0.949434       0.873799
1.39081       0.978265
0.791585       0.795322
1.14652       0.891648
1       1
