0.5898       -0.0135123
0.28754       -0.0889808
0.552403       0.471336
1.11442       0.625681
0.475513       0.332697
0.408777       0.217109
0.654372       -0.892814
0.942953       0.835051
0.498246       0.825792
0.486607       0.499537
0.484788       0.594057
0.478211       -0.887156
0.424601       0.357313
0.482586       0.00320871
0.297517       -0.438376
0.72948       -0.776478
0.340695       -0.822738
0.36303       -0.635602
0.667882       -0.878385
0.537087       0.763547
0.541048       0.371396
0.83026       0.840534
0.427192       -0.616027
0.279597       -0.394871
0.57429       -0.812615
0.299331       0.7125
0.501065       0.649973
0.7523       -0.874707
0.781223       -0.803306
0.725235       0.783228
0.35074       -0.826863
0.70304       -0.57653
0.332906       0.356473
0.479271       -0.6846
0.629854       -0.756159
0.190338       0.228894
1.01538       -0.892386
0.673707       -0.495507
0.900609       -0.968294
0.606765       0.657604
1.00333       -0.88295
0.576609       -0.591752
0.606895       -0.670625
0.538287       -0.929532
0.565084       -0.778526
0.28866       0.478683
0.315243       -0.063355
0.23564       0.655915
0.310639       0.690294
0.205052       0.210143
0.499471       0.710359
0.649029       -0.724146
0.361627       0.204544
0.30662       0.174316
0.761261       0.914792
0.205974       0.426452
0.569415       -0.474007
0.465519       -0.0606802
0.228665       -0.00874814
0.411507       -0.870754
0.375812       0.471437
0.334835       0.60716
0.401844       -0.72676
0.737352       0.68927
0.450785       0.149721
0.64834       -0.216519
0.223697       -0.13485
0.402629       0.689025
0.383752       -0.56979
0.4358       -0.216
0.51071       -0.387702
0.518569       0.716651
0.83015       0.786249
0.583515       0.143086
0.320689       0.617005
0.216761       0.124105
0.848733       0.889131
0.629472       -0.774686
0.539555       0.536628
0.577954       0.697497
0.680767       -0.554928
0.600922       -0.770399
0.664989       -0.232155
0.690037       -0.612876
0.442215       -0.863446
0.611444       -0.675338
0.544453       -0.463154
0.323082       0.696102
0.351638       -0.0886146
0.599455       -0.833695
0.391519       0.144671
0.64596       -0.31982
0.542631       0.862221
0.304563       -0.744235
0.31702       0.0257474
0.359014       -0.011665
0.328123       -0.202718
0.27429       -0.275541
0.261756       -0.701324
0.671903       0.221836
0.317966       -0.498112
0.945604       -0.66129
0.198185       -0.1683
0.517699       0.289574
0.352557       0.541885
0.215107       -0.12865
0.551558       -0.0910394
0.156329       0.541909
0.251914       0.342979
0.530788       0.610479
0.599446       0.0673561
0.515272       0.724207
0.434286       0.570236
0.312089       -0.221853
0.89607       0.898878
0.546933       -0.462646
0.268001       -0.178851
0.531878       0.748362
0.567954       0.775992
0.46863       -0.826698
0.581136       -0.852888
0.385065       0.245094
0.836051       0.108206
0.228814       0.0546749
0.694546       -0.412158
0.51393       -0.76849
0.425288       -0.573014
0.314988       -0.355068
0.525107       0.773482
0.694137       -0.778681
0.718976       0.899788
0.37525       -0.522425
0.396759       0.739705
0.799915       0.628304
0.671225       0.197871
0.43248       -0.75623
1.02185       0.947118
0.48224       0.570474
0.473048       0.844723
0.458407       -0.783531
0.492318       -0.0879195
0.792979       -0.198724
0.705738       -0.763481
0.522854       0.36644
0.392618       0.800374
0.416965       -0.466735
0.317032       0.726522
0.910988       -0.678323
0.695504       0.12292
0.537919       0.682055
0.560975       -0.317758
0.196431       0.284233
0.222921       -0.0157938
0.816736       0.242238
0.331895       -0.63853
0.400189       -0.138903
0.775887       -0.248807
0.236247       0.194691
0.433462       0.892623
0.646965       -0.289391
0.412431       -0.384564
0.602297       -0.714774
0.579622       -0.321499
0.495024       0.579026
0.535729       -0.558575
0.432464       -0.0246898
0.453926       0.918083
0.247154       0.24246
0.36311       0.837646
0.28967       -0.76605
0.255614       -0.613369
0.432504       0.494815
0.587793       0.562523
0.678564       -0.266514
0.52287       -0.255202
0.365984       0.709647
0.970556       -0.864215
0.317677       -0.464113
0.776551       0.675426
0.587317       0.71739
0.506767       0.715676
0.368598       0.22522
0.570209       0.613839
0.5725       0.849859
0.268603       0.461397
1.40107       -0.84633
0.136802       0.0896653
0.323697       0.752271
0.391296       0.90983
0.422405       -0.209679
0.671574       -0.801375
0.733173       -0.581405
0.374492       -0.345142
0.559921       -0.0245899
0.815301       0.859779
0.238844       0.398699
0.679637       -0.775394
0.532799       0.555036
0.553782       -0.874941
0.295054       -0.445189
0.451874       0.513123
0.387827       -0.462344
0.490085       -0.191911
0.437468       -0.627447
0.268659       -0.614339
0.419462       0.79038
0.572724       -0.934396
0.408738       -0.548423
0.40105       -0.521205
0.906156       -0.793112
0.413106       -0.909195
0.67116       -0.658693
0.50714       0.849713
0.264692       -0.483615
0.387773       0.571119
0.688174       0.838476
0.549883       -0.380055
0.755614       -0.85617
0.488176       -0.880161
0.557259       -0.14838
0.352872       0.756918
0.596173       -0.681768
0.597316       -0.0130537
0.403151       -0.779306
0.761583       0.645174
0.505268       0.905699
0.45979       -0.801153
0.328164       0.342655
0.430264       -0.770572
0.441762       -0.705686
0.848984       0.89345
0.379473       -0.231037
0.496002       -0.663139
0.27793       0.362562
0.682834       -0.165578
0.41788       0.0604484
0.276584       -0.100095
0.331264       0.344982
0.471442       -0.17896
0.63789       0.860665
0.688889       0.931384
0.420656       0.90289
0.358297       -0.790841
0.324473       -0.217444
0.4227       -0.625089
0.465824       -0.151525
0.544504       0.205096
0.547071       -0.151056
0.334686       0.0263344
0.18641       -0.342791
0.243186       -0.839381
0.341356       -0.805561
0.240262       -0.701053
0.658382       -0.182311
0.678909       0.795532
0.681842       0.880068
0.40341       0.0540404
0.378347       0.319106
0.936115       -0.83793
0.584972       -0.651989
0.502457       -0.0400707
0.29628       -0.0331842
0.506855       -0.422309
0.186628       0.343151
0.902295       0.640294
0.45693       -0.326856
0.518494       -0.773664
0.669642       -0.626009
0.43084       0.444589
0.411458       0.436517
0.658286       0.683767
0.475496       -0.170627
1.04831       -0.904836
0.740318       0.543783
0.637755       0.71863
0.849154       -0.798464
0.458005       -0.893338
0.263642       -0.915602
0.348108       -0.823222
0.278281       -0.112087
0.757254       -0.845352
0.85067       0.711383
0.602346       -0.663066
0.701864       0.64215
0.911002       -0.873388
0.362285       -0.282111
0.249125       -0.0610969
0.324912       -0.214922
0.47618       0.571609
0.491408       0.597389
0.713605       0.861036
0.963876       0.471423
0.590524       -0.315908
0.590946       -0.389603
0.345401       -0.0433742
0.672824       0.839397
0.42531       0.64781
0.32248       -0.277394
0.173347       -0.317126
0.525909       -0.525453
0.319243       -0.178215
0.872152       0.902502
0.368342       0.0739976
0.496958       -0.740533
0.40689       0.782925
0.311997       -0.194145
0.459779       0.659994
0.457698       -0.121538
0.694093       0.815836
0.813362       -0.790135
0.496701       0.63178
0.673276       0.545254
0.527165       -0.788272
0.452231       0.608144
0.90331       -0.552068
0.657304       -0.440945
0.337506       0.713633
0.222714       -0.0252164
0.459654       0.611618
0.299497       0.536191
0.679416       0.291815
0.308761       -0.745538
0.590282       -0.623971
0.288833       0.634738
0.480999       0.891292
0.554216       -0.775726
0.599834       -0.575737
0.257103       -0.382998
0.44213       0.157024
0.432011       0.523149
0.326859       0.798779
0.221       0.00429647
0.26622       -0.307519
0.509295       0.0413746
0.317291       0.140889
0.53025       0.577341
0.319852       0.148555
0.580028       0.895594
0.625989       0.270319
0.674891       0.694115
0.413162       0.545784
0.595504       0.0065728
0.314882       0.559369
0.737092       0.606134
0.573518       0.813604
0.470897       0.647578
0.60087       0.65594
0.28012       0.0696006
0.474117       0.290329
0.850017       -0.568702
0.415085       0.519084
0.357063       -0.79674
0.601798       0.00267627
0.370986       0.287623
0.644441       -0.190419
0.410609       0.388536
0.524126       -0.0776776
0.448196       0.633982
0.479837       0.490079
0.535323       0.52134
0.376821       -0.631727
0.523796       0.541755
0.402526       -0.0564391
0.39598       -0.43843
0.50651       -0.690133
0.408097       0.720863
0.386386       0.277412
0.285256       0.724004
0.317833       0.100311
0.355111       0.199489
0.593487       -0.595573
0.439466       0.424576
0.467711       0.918227
0.381716       -0.288351
0.543734       0.705607
0.203552       0.584871
0.184212       0.359315
0.430388       0.407406
0.801113       0.890827
0.49197       -0.602969
0.195202       -0.187541
0.471023       -0.311381
0.423908       0.206316
0.271241       0.345775
0.320256       0.580191
0.501651       -0.563773
0.272738       0.0933138
0.495483       -0.52009
0.366625       -0.733004
0.42247       0.357367
0.466123       -0.425381
0.503403       0.405163
0.384709       0.165447
0.755984       0.871022
0.528946       -0.682064
0.539194       0.461467
0.420779       -0.360966
0.509567       0.0394318
0.531343       0.721665
0.210881       -0.698019
0.881753       -0.645297
0.544379       -0.20821
0.392653       0.60896
0.665101       0.728719
0.388625       -0.392896
0.608774       0.395739
0.454317       0.465256
0.326529       -0.35024
0.411263       0.496447
0.592647       -0.296856
0.336035       -0.639617
0.410838       -0.068163
0.394911       0.672854
0.548184       0.963709
0.260055       -0.599353
0.545656       -0.487487
0.428631       0.613394
0.410159       -0.463096
0.448747       -0.580737
0.218504       0.267428
0.550681       -0.0087782
0.595654       -0.648803
0.297253       -0.712225
0.996222       0.69153
0.233521       -0.105782
0.452632       0.784211
0.596114       0.694175
0.574239       0.697155
0.506454       0.386731
0.383898       0.022767
0.230241       -0.228739
0.580187       -0.895536
0.994293       -0.785547
0.747484       -0.812201
0.62712       0.65538
0.328486       0.539954
0.234675       0.156064
0.633189       -0.753294
0.253561       0.206296
0.447977       0.332961
0.298675       0.188117
0.559235       0.738039
0.236906       -0.661984
0.467766       0.805144
0.33514       0.589051
0.313049       0.487506
0.452732       0.0808013
0.648506       0.762496
0.443672       0.424165
0.888368       -0.90398
0.530442       0.450404
0.398212       0.531818
0.517945       -0.750777
0.283939       0.204468
0.456766       0.495871
0.786136       -0.79355
0.41214       -0.81836
0.304479       0.0593108
0.577621       -0.87007
0.579571       -0.682782
0.277285       -0.487787
0.316024       0.490925
0.330917       -0.3202
0.811913       0.892915
0.548875       -0.45643
0.660463       0.710735
0.704665       -0.928823
0.421437       0.698497
0.629978       -0.76102
0.274611       -0.569363
0.325543       0.532224
0.483888       0.401015
0.980766       0.713905
0.371884       -0.873215
0.412387       0.803142
1.06866       0.942898
0.358858       -0.267203
0.65431       0.268489
0.300733       0.426147
0.326474       0.228093
0.561165       -0.225271
0.82598       0.481477
0.47776       -0.754608
0.601967       -0.643022
0.512469       -0.356523
0.250008       0.277028
0.588809       -0.754398
0.456849       -0.719025
0.812795       0.889349
0.256122       -0.33671
0.539085       -0.297095
0.630786       0.794813
0.731271       -0.730065
0.203892       0.502465
0.671691       0.355435
0.268857       -0.192261
0.921149       -0.824219
0.493624       0.347518
0.245319       -0.424191
0.354326       -0.506801
0.711522       0.817233
0.503154       0.0839881
0.639683       0.0883402
0.2285       0.264557
0.219161       0.511194
0.40161       -0.486131
0.448199       0.532563
0.582265       -0.280627
0.274882       0.552426
0.243327       0.0347162
0.709975       -0.879635
0.477297       -0.632282
0.482057       0.513965
0.594209       0.287508
0.506755       -0.681592
0.3404       -0.490552
0.235984       -0.259038
0.410848       0.0725154
1.0531       0.930731
0.651625       -0.856623
0.959633       0.665409
0.579765       -0.846478
0.50573       -0.803253
0.57604       0.898183
0.661705       0.74217
0.450762       -0.801162
0.368648       -0.419535
0.406238       -0.752609
0.335394       -0.889196
0.579543       0.718499
0.480872       0.20077
0.346722       -0.0857231
0.84156       -0.0961305
0.501122       -0.00150039
0.677251       -0.411384
0.379436       0.8929
0.510681       -0.0733686
0.561095       0.824929
0.387453       0.18686
0.393695       -0.336559
0.600021       -0.477784
0.469746       0.287684
0.611708       0.189865
0.47755       -0.445736
0.424673       0.0208278
0.267089       0.324252
0.479145       -0.603489
0.828617       -0.879442
0.188331       -0.0937609
0.403451       -0.372198
0.825381       -0.854389
0.355652       0.316933
0.360534       0.280783
0.626699       0.736942
0.426424       0.691987
0.849125       -0.531433
0.343456       0.213674
0.487765       0.776037
0.551495       -0.301471
0.457863       -0.410667
0.59001       -0.195231
0.57795       0.473915
0.723291       0.590801
0.406234       0.707304
0.351912       -0.229105
0.395525       -0.505914
0.541901       0.00410518
0.69736       -0.723466
0.502825       -0.310937
0.57336       0.954602
0.245123       -0.676004
0.280841       0.817488
0.775931       0.131153
0.392347       0.522168
0.805647       0.755224
0.651509       0.882608
0.380499       0.283052
0.380656       -0.504638
0.644498       0.912599
0.341623       0.837803
0.562006       -0.239545
0.511942       -0.723418
0.569233       0.770939
0.316121       0.46505
0.261156       0.614168
0.663048       -0.933739
0.65716       -0.059916
0.514993       -0.729223
0.609961       -0.754613
0.243121       -0.819014
0.268297       -0.706071
0.563558       0.626599
0.276603       0.0368477
0.987056       -0.9151
0.427251       0.324396
0.44598       -0.855096
0.652544       0.659383
0.628057       -0.67751
0.603315       0.774171
0.306539       -0.400677
0.428185       -0.609978
0.462943       0.65168
0.687155       -0.435065
0.709892       -0.555984
0.446703       -0.569215
0.250324       0.78276
0.175652       0.316922
0.626286       0.643308
0.33192       0.051099
0.607698       -0.283149
0.42143       0.0595102
0.189384       0.509936
0.66931       -0.822654
0.560689       0.836851
0.380953       0.551339
0.593207       0.0338771
1.15296       -0.806405
0.526962       0.517243
0.667653       -0.610114
0.539114       0.495662
0.689314       -0.719937
0.214427       -0.410123
0.372135       0.0421348
0.544909       0.418186
0.321715       0.615583
0.717246       -0.687736
0.472156       -0.842868
0.516508       -0.306071
0.850483       -0.838471
0.9304       0.922778
0.171504       -0.216341
0.415565       0.619715
0.519896       0.38797
0.612969       0.748767
0.572043       -0.862212
0.506852       -0.192757
0.511805       0.265089
0.163636       -0.41936
0.218201       0.659173
0.261997       -0.319225
0.354024       -0.766791
0.557908       0.84024
0.500428       -0.650249
0.738975       0.92645
0.380696       -0.516532
0.44519       -0.758416
0.470483       -0.233617
0.729214       0.804981
0.392699       0.620616
0.622128       -0.377473
0.444725       -0.297579
0.406046       -0.543196
0.518877       -0.743318
0.347887       0.593634
0.646403       -0.810732
1.23624       -0.88058
0.770745       -0.474761
0.501312       -0.762154
0.358383       -0.757015
0.86868       0.816493
0.346206       -0.392591
0.604725       -0.866243
0.408342       0.563834
0.384845       0.740874
0.356843       -0.77605
0.658502       0.0919502
0.215968       0.285861
0.219843       -0.172446
0.547002       -0.457506
0.34821       -0.116615
0.526866       -0.0570356
0.838608       0.835792
0.826191       -0.86783
0.205145       -0.388837
0.492965       -0.815562
0.491622       -0.767705
0.708011       -0.4633
0.807741       0.701541
0.700988       -0.135617
0.414113       0.111544
0.767233       0.893934
0.55822       -0.236749
0.452001       -0.631803
0.51517       -0.00221947
0.522583       -0.765518
0.806324       0.571683
0.419456       0.839083
0.380042       -0.768578
0.660706       0.477627
0.453121       0.382676
0.35354       0.548718
0.598994       0.360345
0.527401       0.253873
0.50401       0.530879
0.542819       0.64875
0.489805       0.165511
0.608329       0.229506
0.599905       -0.692046
0.660686       0.770393
0.323852       -0.169526
0.292392       0.208536
0.539778       0.0353786
0.461597       0.809696
0.444453       0.543721
0.50097       0.399549
0.833279       -0.683579
0.992723       0.77077
0.508611       0.769165
0.539506       -0.249567
0.605434       0.864017
0.389354       -0.809324
0.368596       -0.481972
0.40942       -0.415892
0.683289       0.271882
0.72176       -0.911925
0.490413       -0.839232
0.376832       0.325947
0.41843       -0.411989
0.220917       0.0269504
1.05645       0.815569
0.396869       0.0031032
0.451774       0.373047
0.354881       0.550279
0.781175       0.851122
0.301555       0.392303
0.588684       -0.750812
0.629008       0.880435
0.354781       0.353344
0.3987       -0.000837382
0.434919       -0.162081
0.390616       -0.131205
0.350113       -0.805881
0.968535       -0.805289
0.428746       -0.854554
0.683523       -0.248745
0.21051       -0.0554904
0.66438       0.765941
0.468192       -0.933694
0.368878       -0.459069
0.667449       0.802121
0.497784       -0.0726573
0.259762       -0.0890826
0.677451       0.903184
0.672238       0.156389
0.585374       -0.385468
0.368728       -0.830427
0.577976       0.11305
0.447441       -0.781179
0.390862       0.732494
0.411628       0.23432
0.980866       0.844268
0.301343       0.644976
0.193435       0.482185
0.344605       -0.196883
0.322902       -0.235532
0.423191       0.143546
0.49518       -0.502238
0.607585       0.255438
0.697714       -0.783914
0.706572       -0.770238
0.267842       -0.244877
0.341241       0.81894
0.79459       -0.803309
0.270268       0.627915
0.447546       -0.884283
0.31115       -0.706192
0.965553       -0.906453
0.483249       -0.367873
0.505562       -0.307794
0.44423       -0.440825
0.465518       -0.66151
1.00339       -0.836123
0.267661       0.167442
0.508171       0.584311
0.426811       0.898804
0.387013       0.0546688
0.694425       0.757955
0.361114       0.764275
0.692368       -0.240851
0.296051       -0.00303463
0.655695       -0.549711
0.62594       0.765227
0.509953       -0.599061
1.37026       -0.964128
0.156958       -0.110623
0.523933       0.668157
0.453151       -0.688716
0.280824       -0.10386
0.539898       -0.87448
0.430607       -0.240078
0.689673       0.911771
0.657358       -0.728619
0.327669       -0.111424
0.735744       0.897631
0.529351       -0.613742
0.461566       -0.186871
0.819712       -0.534181
0.329672       0.764837
0.330805       -0.288811
0.396524       0.259738
0.39336       0.633213
0.362112       -0.818418
0.675475       -0.441896
0.61896       -0.559186
0.853169       0.768072
0.690229       0.933474
0.716518       -0.854884
0.538915       0.785996
0.672741       0.356593
0.501708       0.0183983
0.669787       -0.745534
0.654821       0.253407
0.555543       -0.869874
0.402082       -0.377751
0.749903       -0.78782
0.469503       0.742105
0.779779       -0.512212
0.622024       0.928878
0.453484       0.934869
0.423198       -0.776584
0.725592       0.790368
0.820835       -0.940157
0.506394       -0.563056
0.386142       -0.347284
0.567154       0.329935
0.690599       -0.567025
0.425162       0.683629
0.859714       0.234776
0.570248       0.537734
0.612016       -0.616619
0.423293       -0.912402
0.372192       0.874403
0.441071       0.0743164
0.497124       -0.745096
0.350902       -0.922339
0.383609       0.363132
0.691727       0.50708
0.358174       0.525423
0.466889       -0.832106
0.337104       0.453041
0.216584       -0.261319
0.26176       0.311524
0.911834       0.768897
0.413106       0.307396
0.416428       0.745386
0.677595       0.671189
0.404238       0.385423
0.444679       0.423599
0.555989       0.774711
0.375145       -0.846661
0.542115       -0.189309
0.580913       0.87553
0.538771       -0.0418916
0.472138       -0.898096
0.854734       -0.830355
0.376872       -0.149801
0.695414       -0.321228
0.352716       -0.39339
0.349449       0.470346
0.642485       0.731748
0.450492       0.0175157
0.624334       -0.722989
0.870486       -0.351641
0.589591       -0.731562
0.564393       -0.476397
0.4004       -0.371516
0.783018       0.123371
0.725774       0.360939
0.175631       0.196717
0.542808       -0.534159
0.336121       -0.0471009
0.252184       0.471245
0.761739       0.879657
0.307275       0.360926
0.631061       0.537866
0.563223       -0.495281
0.370121       -0.660424
0.699522       -0.61916
1.11587       0.892594
0.594883       0.16069
0.341779       0.6469
0.331181       0.776649
0.503261       -0.852431
0.502239       -0.0258652
0.684367       0.499528
0.189512       -0.348975
0.421579       -0.626838
0.64456       -0.266976
0.536115       0.766903
0.67975       -0.372632
0.849358       0.830625
0.468887       -0.776899
0.555139       0.81377
0.269529       0.635445
0.330314       -0.612757
0.214181       0.246339
0.606645       -0.456505
0.262112       0.766467
0.41194       0.199502
0.569038       0.688751
0.643959       -0.889888
0.884898       0.951337
0.569093       0.864735
0.457489       0.482607
0.445424       0.357033
0.226687       -0.776201
1.04084       -0.861514
0.449842       -0.863951
1.23588       0.927948
0.363003       0.860997
0.364392       0.83137
0.315665       -0.301302
0.172919       -0.257093
0.600947       -0.805274
0.980795       -0.720357
0.757991       -0.144661
0.975724       0.289727
0.687119       0.875105
0.660285       -0.656227
0.25061       -0.879806
0.57202       0.810621
0.73534       0.533491
0.470332       0.0057399
0.344099       -0.71756
0.430063       -0.639021
0.251061       0.179869
0.362988       0.876268
0.35424       0.557606
0.662546       0.791609
0.660068       -0.712844
0.742449       0.239744
0.409136       -0.0395159
0.360573       -0.545574
0.175667       -0.269557
0.924905       -0.735832
0.457067       0.271352
0.700959       0.729869
0.460066       -0.172518
0.513586       -0.792314
0.286804       -0.265531
0.354701       0.640801
0.3897       0.113744
0.257423       -0.171095
0.770063       -0.557882
0.604572       0.365548
0.600514       0.81897
0.695239       -0.746437
0.786745       0.750228
0.210092       0.420149
0.349155       0.300472
0.380301       -0.796428
0.320174       0.283072
0.577057       0.0906612
0.247784       -0.727639
0.267797       0.54181
0.602299       -0.0325864
0.371167       -0.323122
0.547105       -0.49524
0.928774       0.757114
0.406334       0.710787
0.540779       0.33039
0.510047       0.8882
0.345373       -0.256187
0.599155       -0.798403
0.308266       -0.452224
0.531365       0.491145
0.236151       -0.245563
0.664191       -0.193534
0.86511       0.796939
0.538329       0.737925
0.950815       -0.787068
0.470375       0.228292
0.988435       -0.942428
0.467851       -0.685119
0.449198       0.611723
0.30541       -0.720434
0.525026       0.679053
0.561132       -0.614971
0.313558       0.595547
0.29748       -0.342194
0.538445       0.511323
0.908004       -0.835376
0.168329       -0.238079
0.45378       -0.330597
0.338893       -0.229162
0.443461       -0.607786
0.540759       -0.911951
0.549762       0.335257
0.472122       -0.444688
0.372824       -0.247234
0.551174       -0.163585
0.625422       -0.377353
0.331578       -0.220271
0.273178       -0.082076
0.320006       0.347723
0.413168       -0.520766
0.691576       -0.0371775
0.65954       -0.64516
0.986694       0.857552
0.640321       -0.0147366
0.528834       -0.842063
0.801156       0.770502
0.788862       -0.698169
0.408921       -0.651948
0.679475       0.790104
0.503872       -0.893199
0.404589       0.155535
0.268799       -0.56575
0.577577       0.39521
0.350933       -0.776539
0.425784       -0.761
0.364052       -0.726463
0.477921       -0.427
0.517875       -0.0439713
0.782662       0.734843
0.566164       0.848246
0.298712       -0.289279
0.787702       0.363079
0.371525       0.58918
0.417127       0.1923
0.585906       0.796375
0.606232       0.745685
0.419485       -0.59182
0.653358       0.620876
0.585839       0.790519
0.506375       -0.789685
0.425325       -0.520553
0.335967       0.0397247
0.422537       0.630366
0.430554       -0.745626
0.518824       0.593756
0.35264       -0.625895
0.685174       0.739397
0.610371       0.732094
0.204811       0.218996
0.294938       -0.814758
0.423757       -0.494216
0.401725       0.71911
0.514436       -0.828456
0.846206       0.605834
0.501722       0.035619
0.535339       -0.956311
0.231539       0.107767
0.362086       0.684144
0.972086       0.831628
0.303589       0.41744
0.818024       -0.672365
0.429086       -0.715916
0.441501       0.207384
0.589868       0.706507
0.384707       0.542868
0.49168       0.805981
0.73134       0.807286
0.476581       0.407182
0.594241       -0.317264
0.449594       0.507042
0.367043       -0.898278
0.723368       -0.584072
0.472595       0.543483
0.814459       0.877522
0.153863       0.19102
0.535381       0.195193
0.943269       0.134322
0.36793       0.669895
0.398257       0.718487
0.327036       0.703346
0.842366       0.569425
0.62992       -0.547678
0.527354       -0.806672
0.39797       -0.551127
0.4199       0.0730006
0.656546       0.883709
0.479719       0.909088
0.318697       -0.589296
0.452857       0.883873
0.868962       0.6913
0.417832       -0.675533
0.433582       -0.884936
0.61958       0.246126
0.992515       -0.765901
0.316035       -0.162728
0.57079       -0.867331
0.556865       -0.832385
0.510856       -0.814288
0.357143       -0.176675
0.774513       -0.368154
0.414421       -0.240098
0.148885       0.382243
0.65837       0.809557
0.466404       -0.666995
0.611657       -0.49474
0.52486       -0.721157
0.287435       0.439919
0.394079       -0.472104
0.592341       -0.577155
0.174623       -0.387873
0.505557       -0.894545
0.566003       0.76429
0.313008       -0.137625
0.405874       0.183794
0.854165       0.866963
0.324114       -0.737136
0.554439       0.314317
0.549127       -0.779195
0.25783       0.339281
0.595232       -0.486457
0.188904       -0.503109
0.457249       0.298076
0.64772       -0.769914
0.461293       0.283561
0.121771       0.327122
0.933274       -0.825667
0.34198       0.252092
0.333476       -0.388021
0.881571       -0.681884
0.535955       0.434245
0.420468       -0.0700142
0.915182       0.96103
0.577455       0.491271
0.888792       0.776484
0.514508       -0.799255
0.579323       -0.480141
0.631266       -0.528543
0.690763       0.591723
0.646866       -0.113999
0.548653       0.0631363
0.263796       -0.447014
0.521131       0.707605
1.06902       0.890321
0.407915       -0.117285
0.604546       -0.320428
0.636949       -0.859923
0.450146       0.323242
0.503373       -0.736811
0.60643       -0.858599
0.286499       -0.534053
0.604875       0.0830864
0.50394       0.00713965
0.249739       -0.34224
0.621283       0.655548
0.500976       0.442891
0.643936       0.820784
0.237737       -0.451075
0.454755       -0.580938
0.336292       -0.52225
0.368298       0.318409
0.482779       -0.848701
0.495134       -0.630101
0.643141       0.383278
0.285285       -0.394402
0.549139       0.868601
0.511402       -0.304209
0.660399       -0.871745
0.294786       0.661613
0.270405       -0.205523
1.04616       -0.938924
0.715253       0.739829
0.300622       -0.244612
0.708201       -0.748138
0.708526       -0.189818
0.698225       0.612035
0.394481       0.372687
0.592822       0.614348
0.558506       0.103675
0.535023       -0.718471
0.810276       0.491473
0.675811       -0.627534
0.389763       -0.0403248
0.307257       0.503139
0.287486       0.42492
0.609505       -0.509403
0.445403       -0.148543
0.197243       -0.0320892
0.445781       0.374089
0.406549       0.219806
0.740873       -0.720651
0.321392       -0.289969
0.502385       -0.149054
0.199592       0.510605
0.469678       0.377123
0.401703       -0.575499
0.593752       -0.19598
0.561197       0.843106
0.267366       -0.0314863
0.395997       0.518956
0.747425       -0.885823
0.257922       0.284061
0.21209       0.769221
0.186673       0.314398
0.421374       -0.192623
0.480262       0.538578
0.625558       0.349536
0.339745       0.737098
0.681264       0.396321
0.408083       0.158711
0.481068       0.109874
0.293085       0.688084
0.864887       0.570263
0.70066       0.166057
0.484034       0.912817
0.451344       0.740402
0.311426       -0.424079
0.291544       -0.67948
0.619547       -0.245566
0.626565       0.873664
0.382035       -0.936765
0.350361       0.830988
0.949148       -0.73243
0.261414       -0.6761
0.301531       0.272725
0.57832       -0.806068
0.36197       -0.00589652
0.778539       -0.810442
0.801515       0.898083
0.572259       -0.171287
0.993139       0.475507
0.443494       -0.670436
0.807637       -0.543853
0.640477       0.787507
0.164028       0.0980391
0.393636       0.574477
0.916733       -0.911797
0.510961       -0.811773
0.255616       -0.406163
0.795087       -0.480877
0.584297       -0.356653
0.531498       0.30601
0.61722       0.867592
0.657589       -0.794239
0.297511       -0.701974
0.819008       0.492975
0.452377       -0.595401
0.416272       -0.612792
0.908119       -0.786934
0.446149       0.498321
0.21102       -0.530478
0.599199       0.547516
0.278942       -0.380593
0.935241       0.949077
0.328693       0.145366
0.625351       0.917768
0.484675       -0.931882
0.412092       -0.372078
0.32784       -0.0795178
0.860706       -0.78841
0.504691       0.480756
0.532555       0.599881
0.542533       0.243697
0.430673       0.818193
0.298114       0.0766209
0.237146       0.573631
0.861541       -0.891746
0.505958       0.814955
0.620199       -0.881179
0.359841       0.2493
0.535987       0.794409
0.303519       -0.248343
0.921778       0.745364
0.641       0.608382
0.430301       -0.105874
0.552579       -0.827958
0.580367       0.871568
0.488408       0.443414
0.280048       -0.594549
0.776645       -0.23742
0.280223       -0.778894
0.231438       0.446784
0.223577       0.175401
0.314712       0.151797
0.68356       -0.464402
0.577952       -0.825458
0.368112       0.36356
0.554687       -0.175703
0.523404       -0.68714
0.716765       0.0618664
0.732005       0.24314
0.403249       0.216258
0.647447       -0.903642
0.309108       0.91686
0.30837       -0.0858527
0.446136       0.0136824
0.462717       0.546657
0.906915       0.847765
0.60576       -0.850013
0.222843       -0.05873
0.330447       0.433225
0.44222       0.956864
0.470059       0.00239995
0.623997       -0.948673
0.459687       -0.266977
0.580814       -0.136754
0.895295       -0.771127
0.941223       -0.876546
0.432198       0.258233
0.485666       0.869635
0.689616       0.463859
0.669594       -0.917601
0.476318       -0.668384
0.498521       0.80949
0.610022       -0.300917
0.584391       -0.0037334
0.284438       -0.351661
0.523616       0.336966
0.730761       0.827668
0.515519       -0.529382
0.59973       -0.0291018
0.833351       -0.822102
0.68903       0.737473
0.381926       0.091732
0.416282       0.135849
0.765687       -0.885742
0.161516       0.0472751
0.193724       -0.000819574
0.344488       -0.852642
0.994499       0.913276
0.260061       0.532496
0.375447       -0.355951
0.711465       -0.942493
0.466871       0.610206
0.481516       -0.897025
0.182683       0.002267
0.802137       -0.8518
0.284325       0.831198
0.179757       -0.396254
0.507907       0.0193396
0.755593       0.834873
0.384613       0.556433
0.451802       -0.821735
0.28437       -0.360356
0.368981       -0.0769207
0.797753       0.937135
0.314284       -0.511262
0.575826       -0.768924
0.604696       -0.733198
0.308635       -0.218623
0.541075       -0.799026
0.514751       0.533581
0.43775       -0.211203
0.41884       -0.3921
0.564849       0.798204
0.454729       -0.151792
0.585654       0.630033
0.51634       -0.890484
0.458941       0.295192
0.675718       -0.754628
0.341332       0.183883
0.324044       -0.0221735
0.57062       -0.288401
0.456717       0.828039
0.348404       0.586102
0.41286       0.0997217
0.346747       0.01447
0.521062       0.680292
0.394221       -0.617674
0.797403       0.696962
0.572397       -0.764367
0.438182       0.373786
0.656345       0.897118
0.230218       0.272703
0.472564       -0.576677
0.248471       -0.839143
0.668818       -0.71351
0.333107       0.239793
0.872247       -0.902527
0.378987       0.706445
1.00431       0.874242
0.854332       0.913626
0.536693       -0.777019
0.379967       -0.753565
0.386024       -0.62962
0.543822       -0.24702
0.648031       0.332685
0.573018       0.672015
0.354757       -0.406151
0.40567       -0.56838
0.305883       -0.469575
0.787563       0.923126
0.648476       -0.444563
0.72446       -0.863555
0.561602       -0.756988
0.387369       -0.41303
0.485724       -0.752952
0.346017       0.687242
0.317762       0.365975
0.295437       -0.758819
0.565156       0.741742
0.512597       -0.5268
0.347396       -0.147185
0.352689       -0.52562
0.378748       -0.690259
0.298696       -0.0903468
0.314634       -0.656391
0.409333       -0.862244
0.259119       0.7321
0.529858       0.198663
0.535353       0.780807
0.495796       0.561318
0.865583       -0.893939
0.540487       0.0425653
0.552307       0.581239
0.273564       -0.44463
0.447753       0.602887
0.29015       -0.707204
0.239851       -0.779368
1.04146       -0.808796
0.346542       -0.566854
0.316974       0.0671199
0.260722       0.470882
0.375143       0.186953
0.744978       -0.261094
0.294372       0.343142
0.648237       0.804312
0.442425       0.662115
0.336351       -0.122801
0.195995       -0.143655
0.550611       -0.871481
0.541388       -0.826872
0.653086       -0.920646
0.528058       -0.76324
0.638027       0.853935
0.686986       0.788354
0.600686       -0.830501
0.716038       0.911874
0.302305       -0.199714
0.686203       -0.264674
0.455204       0.89614
0.541573       -0.0248533
0.628546       -0.857423
0.445849       -0.448628
0.442112       -0.085358
0.335959       0.67989
0.483455       0.661543
0.197197       -0.0424581
0.450566       0.670888
0.812968       0.806132
0.789388       -0.830604
0.213575       0.265673
0.252438       -0.449562
0.430012       0.264636
0.268039       0.667321
0.34302       -0.152477
0.420651       0.278567
0.282523       -0.0537629
0.576872       -0.0262668
0.56862       -0.732519
0.355248       0.89025
0.375761       -0.576543
0.392113       0.619473
0.431604       0.122541
0.321705       -0.057203
0.844133       0.265194
0.517839       -0.909485
0.724889       -0.909251
0.443652       -0.776349
0.347391       0.841982
0.372949       0.484239
0.419091       0.075196
0.697752       0.620175
0.488158       -0.661184
0.439956       -0.115082
0.324803       0.668137
0.395432       -0.838604
0.609888       0.869358
0.523572       -0.772418
0.473664       0.600858
0.2952       -0.196798
0.232705       -0.0311238
0.479875       -0.803884
0.329873       0.255952
0.692224       0.427123
0.811984       -0.649301
0.756589       -0.701402
0.503232       -0.315178
0.371878       0.647752
0.612926       -0.826589
0.349313       -0.349354
0.306701       0.406436
0.609364       -0.579948
0.463478       0.404634
0.673917       -0.838551
0.603821       0.214255
0.445029       -0.320466
0.465238       0.747723
0.556575       0.852581
0.864177       0.745771
0.269401       -0.375332
0.502063       -0.770676
0.797878       -0.758437
1.02925       -0.887119
0.454387       -0.440418
0.343159       -0.791834
0.496572       -0.396254
0.838148       -0.861874
0.430721       -0.338997
0.242137       -0.381245
0.506588       0.119575
0.538073       -0.642952
0.452334       -0.676089
0.652476       -0.422657
0.233234       -0.0389902
0.388052       -0.529784
0.429651       0.336476
0.59684       -0.0857277
0.381966       0.53184
0.533237       0.505551
1.03894       0.742493
0.374069       0.39193
0.477163       -0.43199
0.507066       -0.702771
0.724944       -0.6801
0.505539       -0.872312
0.606143       0.662022
0.366653       -0.813405
0.484804       -0.0990032
1.04282       -0.875919
0.753334       -0.0186912
0.269872       0.496583
0.441471       0.782368
0.547892       -0.282404
0.933985       0.83477
0.471028       -0.878565
0.436302       0.763155
0.358838       -0.305622
0.491607       0.256617
0.286496       -0.740252
0.651573       -0.788058
0.531673       0.772058
0.255866       0.520735
0.470763       0.343017
0.996607       0.86209
0.38638       -0.42085
0.437949       -0.530784
0.492349       0.787618
0.629434       -0.795369
0.717856       0.554333
0.359006       -0.283446
0.634037       0.732199
0.35272       0.133538
0.417329       -0.651468
0.271143       -0.692903
0.384414       0.333063
1.0672       -0.754613
0.497365       0.0939146
0.43496       -0.467727
0.542686       -0.134221
0.689174       0.0106342
0.45061       -0.527664
0.199545       0.0717266
0.799129       0.779325
0.346308       -0.247478
0.845407       0.646698
0.441545       0.0752466
0.313438       0.158056
0.267228       0.495838
0.78363       -0.784687
0.41322       -0.518162
0.30627       -0.836
0.50342       0.763059
0.39547       0.81164
0.876797       -0.928943
0.557127       -0.446078
0.351103       -0.072743
0.457265       0.471614
0.26355       -0.315693
0.907906       -0.93682
0.390194       0.191171
0.343699       0.0423142
0.4678       -0.657241
0.726133       -0.762056
0.661311       0.358304
0.674925       -0.815024
0.24403       0.561563
0.260692       0.506483
0.331301       -0.607268
0.512195       0.272915
0.581288       0.87851
0.567664       -0.568777
0.401524       0.786498
0.437021       -0.381436
0.325535       -0.062548
0.579688       -0.800031
0.476632       0.878874
0.539956       -0.917815
0.708581       -0.675043
0.563732       -0.144772
0.644455       0.449013
0.678758       0.0547507
0.564723       -0.408269
0.366321       0.00321252
0.311312       -0.750692
1.0506       0.881952
0.437983       -0.104919
0.526575       0.639146
0.358221       0.795395
0.725228       0.877494
0.259222       0.713625
0.832237       -0.657362
0.337383       -0.160851
0.309715       -0.173623
0.404497       0.789615
0.526204       -0.684031
0.447059       0.115791
0.518348       0.796867
0.18151       -0.301869
0.616592       0.707895
0.560009       0.403106
0.464594       -0.511739
0.346909       -0.457266
0.336174       0.0905563
0.389119       0.613805
0.470662       -0.816527
0.427479       0.914442
0.25401       0.466978
0.328549       0.723255
0.357213       0.632741
0.471095       -0.130974
0.440185       -0.704951
0.596265       -0.120519
0.461098       -0.15959
0.539935       -0.864537
0.621111       0.833644
0.495101       -0.630088
0.487572       0.00703543
0.278816       -0.549516
0.548489       0.791055
0.494541       -0.892299
0.222137       -0.0416804
0.506162       0.482326
0.800628       -0.790628
0.299735       -0.346137
0.389064       -0.240994
0.80675       0.412962
0.615503       0.650446
1.00471       0.884144
0.354579       -0.247648
0.217614       -0.233282
0.75804       0.867547
0.189416       -0.395327
0.34114       -0.569816
0.646392       -0.65434
0.558576       0.0620469
0.822697       0.179094
0.578276       0.163008
0.797452       -0.913271
0.761439       0.100856
0.874339       -0.417162
0.27209       -0.49084
0.285625       -0.272832
0.542496       -0.354204
0.469807       0.444846
0.571107       -0.175566
0.792673       -0.897351
0.512694       0.667272
0.471932       -0.271207
1.05917       -0.825076
0.474334       -0.732985
0.292132       -0.693054
0.549977       -0.705463
0.502051       -0.420522
0.63271       -0.33344
0.556675       -0.563483
0.606617       0.431873
0.339972       0.722249
0.329094       0.425864
0.919763       -0.876129
0.601615       0.316454
0.520537       0.127318
0.229736       0.714139
0.730535       0.700824
0.323214       -0.0210322
0.395851       0.507035
0.61651       -0.797577
0.283929       0.327362
0.702587       -0.949575
0.409113       0.326902
0.764296       0.130144
0.587556       -0.523652
0.547838       -0.850739
0.332581       -0.630654
0.410693       -0.634254
0.410921       0.50473
0.658735       -0.580707
0.258495       -0.0982052
0.359771       0.32468
0.265185       -0.0707057
0.270547       -0.0230866
0.445801       -0.545292
0.423883       0.711303
0.91949       -0.849961
0.334962       -0.481706
0.411356       -0.812989
0.566221       0.652472
0.565366       -0.846839
0.290007       -0.853713
0.532437       -0.619293
0.772021       -0.780078
0.604465       0.93669
0.46499       -0.201456
0.608663       -0.736062
0.57353       -0.772685
0.403459       0.316386
0.609586       0.670029
0.653807       -0.83968
0.420023       -0.40239
0.713744       0.739977
0.561757       -0.377385
0.578847       -0.795826
0.685623       -0.815312
0.245639       0.431159
0.376913       0.914871
0.709145       0.732694
0.40407       0.697997
0.451644       -0.787509
0.210287       0.190971
0.557008       -0.863445
0.40351       0.904862
0.31624       -0.683578
0.636363       -0.730786
0.34333       -0.794001
0.582572       0.897076
0.283413       0.140991
0.820882       -0.51699
0.612403       0.84861
0.249429       -0.678186
0.507298       -0.276344
0.764236       -0.57896
0.563435       -0.857146
0.311163       0.471081
0.197422       0.0108262
0.561098       0.183558
0.444912       -0.51294
0.174188       0.135561
0.637818       0.386182
0.387778       -0.704932
0.742605       -0.0331138
0.321959       -0.627578
0.565538       -0.405276
0.615201       -0.031245
0.238382       0.201749
0.569172       -0.103065
0.757012       -0.871157
0.437227       0.550927
0.359787       0.370944
0.528839       -0.458087
0.641038       0.604588
0.469957       0.807014
0.190179       -0.457392
0.26886       0.388435
0.32576       0.195109
0.423194       0.802279
0.465439       -0.034192
0.96465       0.646849
0.476981       0.851669
0.293526       0.0897833
0.305248       -0.137171
0.328558       -0.653889
0.664285       0.955525
0.521567       0.313066
0.312156       -0.73017
0.561406       0.352473
0.741453       -0.808304
0.400585       -0.254733
0.620848       -0.815749
0.578669       0.78707
0.322943       -0.0605221
0.824655       -0.706976
0.426635       -0.812182
0.262253       -0.826673
0.300751       -0.211131
0.2037       0.257916
0.58925       0.812739
0.436391       -0.392244
0.398067       -0.430256
0.389502       0.402634
0.723168       -0.596243
0.64663       -0.584015
0.402025       -0.377828
0.358209       0.601707
0.708901       -0.71961
0.575991       0.676925
0.520587       -0.0214578
0.312799       -0.193417
0.612849       0.336319
0.437152       -0.645353
0.496068       -0.915351
0.689707       0.919546
0.517393       0.614013
0.639458       -0.887045
0.467443       0.0352403
0.332519       -0.556193
0.773184       0.866899
0.457709       -0.200375
0.240097       0.875725
0.547395       -0.331356
0.618212       0.651674
0.561884       0.0315604
0.279923       -0.793155
0.511744       0.115032
0.475738       -0.667462
0.530532       -0.395484
0.437649       0.892951
0.478945       -0.609515
0.642046       -0.319301
0.66472       0.944507
0.700343       0.830404
0.291195       -0.853655
0.495419       0.0718836
0.160227       0.536219
0.384531       -0.141721
0.253532       -0.511102
0.308739       0.318875
0.756081       -0.90751
0.49509       -0.894876
0.599944       0.742425
0.66378       0.582928
0.198197       0.218918
0.562594       -0.841905
0.578673       -0.90371
0.873924       -0.574961
0.609668       -0.684146
0.51405       -0.731703
0.607028       -0.418153
0.581792       -0.152389
0.352421       0.255194
0.335187       -0.392431
0.558797       -0.558998
0.546872       0.410576
0.878922       0.310331
0.628752       -0.706971
0.611303       -0.418113
0.659371       0.550289
0.271925       -0.82436
0.850656       0.6715
0.141792       -0.50967
0.183191       -0.27299
0.260798       0.307803
0.513982       0.662343
0.270045       0.314484
0.213361       -0.267186
0.699329       0.439308
0.310982       -0.857183
0.375513       -0.373385
0.429898       0.826012
0.772271       0.884189
0.450763       -0.743292
0.669167       -0.421121
0.318573       -0.514624
0.319503       0.0265301
0.68567       -0.707652
0.384161       0.511625
1.00684       0.848616
0.436148       -0.698764
0.738818       -0.834445
1.09997       -0.872132
0.374559       -0.545319
0.677585       0.96223
0.733452       0.71689
0.578071       0.567732
0.631497       -0.792316
0.269231       0.370288
0.2632       -0.0962242
0.405728       0.168988
0.530734       0.769913
0.414931       -0.19591
0.704038       -0.772083
0.448837       0.288396
0.178468       0.0827476
0.389379       0.308002
0.462849       -0.120683
0.163778       0.33722
0.373331       0.636774
0.59713       0.803089
0.250067       -0.0754432
0.428036       0.449583
0.382609       -0.121103
0.691557       -0.70558
0.760471       0.885281
0.559628       -0.705054
0.934909       -0.873215
0.202074       0.034509
0.261752       0.638343
0.719042       -0.768126
0.396271       0.610411
0.492114       0.178176
0.678876       0.616654
0.485531       -0.758744
0.669818       0.73185
0.362897       -0.338641
0.9383       0.873352
0.358792       -0.473985
0.527785       -0.841545
1.11982       0.936526
0.175626       0.337448
0.980269       -0.935473
0.465362       -0.0907892
0.893033       0.204962
0.466866       -0.751988
0.616924       0.681564
0.411919       -0.769246
0.420216       -0.826321
0.497516       0.276971
0.684829       0.454588
0.272881       -0.0705332
0.535245       0.557545
0.476596       -0.540772
0.742074       0.609155
0.391366       0.0489821
0.536613       -0.561887
0.572848       0.681522
0.406879       0.0593497
0.35641       0.167893
0.417932       -0.0123505
0.683425       -0.613731
0.516616       0.574117
0.41608       -0.660926
0.435399       0.368152
0.210095       0.107601
0.275531       -0.290352
0.379079       -0.256197
0.616501       0.245697
0.871156       0.844665
0.549397       -0.57134
0.340398       0.545403
0.545978       0.798569
0.5294       0.603295
0.245229       -0.0835435
0.686735       0.836081
0.923035       0.878319
0.421977       -0.472098
0.754119       -0.804675
0.912668       -0.912494
0.246624       -0.167201
0.609458       0.730633
0.471745       -0.584939
0.384264       -0.844468
0.574792       -0.336707
0.604634       0.696211
0.519647       -0.52756
0.459366       -0.116715
0.480888       -0.542111
0.572515       0.729297
0.494201       -0.433572
0.634152       0.848037
0.682138       -0.699912
0.232277       -0.748055
0.431267       -0.319408
0.66831       0.876918
0.274735       -0.344784
0.521646       -0.448426
0.589681       0.722626
0.536127       0.601184
0.618217       -0.0257836
0.522176       -0.264653
0.584394       -0.490913
0.510037       -0.890525
0.36767       0.157287
0.474188       0.528385
0.388123       0.248705
0.725553       -0.333369
0.154696       0.152068
0.640501       0.871889
0.50284       -0.446124
0.882985       -0.789953
0.502554       -0.229552
0.475547       0.711748
0.263677       0.272903
0.785818       -0.825474
0.197478       0.180787
0.292967       0.304276
0.426399       0.2036
0.375801       0.013885
0.56039       0.041142
0.244944       0.306641
0.730506       -0.837222
0.305472       0.151696
0.441253       0.818313
0.322037       -0.337551
0.288728       -0.321605
0.50498       0.348708
0.477969       0.0995409
0.438978       0.365412
0.349751       -0.013782
0.471801       0.860087
0.549757       -0.299673
0.228517       0.168206
0.302446       0.120568
0.266851       -0.145248
0.770687       -0.931184
0.327988       0.0313788
0.308068       -0.138007
0.862675       0.888972
0.282711       -0.729034
0.211919       -0.766901
0.887228       0.856666
0.34095       -0.0250505
0.424014       0.0450269
0.547682       -0.957652
0.489318       -0.618437
0.381113       0.0691935
0.391964       0.33296
1       1
