0.437037       -0.675227
0.602969       0.265747
1.02228       -0.0959572
0.694951       -0.104175
0.889107       -0.512552
0.688669       -0.237664
0.655023       0.0269765
0.39221       0.0546737
0.615034       -0.0805163
0.362503       0.126516
0.535952       -0.826478
0.275225       -0.742594
0.182119       0.374776
0.845568       -0.629115
0.603982       -0.449749
0.445806       -0.16445
0.667996       0.252867
0.241814       -0.668299
0.739314       0.921549
0.671415       0.397972
0.802819       -0.244978
0.362536       0.207013
0.877865       0.902191
0.346597       0.156923
0.394275       0.555337
0.354171       0.681485
0.940642       0.0527252
0.403192       -0.195077
0.978263       -0.152451
0.610975       0.210177
0.59463       0.915738
0.589964       -0.867324
0.439969       -0.0671425
0.64274       -0.567163
0.3248       0.736523
0.695378       -0.840092
0.318291       0.261754
0.509714       -0.543908
0.535683       -0.702589
0.35726       0.826272
0.726294       0.100259
0.522371       -0.494263
0.648108       -0.924987
0.817041       -0.728954
0.780928       0.11682
0.539966       -0.881867
0.372947       0.812062
0.637377       -0.698159
0.517884       -0.559516
0.558631       -0.599248
0.673149       -0.893427
0.34535       0.650888
0.779511       -0.67236
0.379145       0.0773727
0.754373       0.738079
0.582659       -0.193463
0.476145       -0.503892
0.864072       0.809543
0.82024       -0.656251
0.508505       -0.91148
0.378488       0.596868
0.569285       0.378134
0.221298       0.259353
0.527079       -0.822853
0.618962       0.428406
0.488268       -0.0915315
0.619903       0.0949154
0.317126       0.761498
0.561945       -0.948988
0.686188       0.600573
0.675521       0.676487
0.5034       -0.207439
0.25224       0.258828
0.892778       -0.231753
0.658887       0.982103
0.406947       0.252693
0.62493       0.827162
0.668843       0.205976
0.74886       0.780821
0.69518       0.830014
0.454192       -0.386921
0.534948       -0.637116
0.454904       0.85906
0.359646       0.0545881
0.486537       0.666209
0.654708       0.918426
0.599225       -0.528994
0.262434       6.47939e-05
0.525691       -0.587322
0.737646       -0.902414
0.615285       0.879735
0.407937       0.732034
0.328313       -0.65087
0.680542       0.752828
0.988637       0.76399
0.541154       0.420732
0.217235       -0.0837354
0.829687       -0.163624
0.450087       0.263084
0.407602       -0.29113
0.445       -0.334228
0.471624       0.429211
0.406514       0.0123899
0.631393       -0.163115
0.422883       0.396731
0.635298       -0.570293
0.737556       -0.760731
0.605763       -0.210479
0.331814       -0.540492
0.302079       -0.744434
0.292151       0.455206
0.365637       0.74924
0.445834       0.300072
0.888153       -0.543377
0.684316       -0.895017
1.11973       0.850136
0.597663       -0.790672
0.318676       0.438937
0.456116       -0.352612
0.49966       0.346965
0.491611       -0.0501838
0.249465       0.14281
0.71371       0.0855678
0.322717       -0.429668
0.820785       -0.189125
0.515152       -0.891501
0.578954       -0.313757
0.58407       0.0618022
0.387687       0.256766
0.418835       0.210741
0.288037       -0.105905
0.404155       -0.10701
0.528269       -0.464583
0.523572       0.0555513
0.493845       0.798213
0.253911       0.375471
0.679739       -0.328255
0.574118       0.610301
0.434753       -0.852486
0.394946       -0.0640587
0.562856       0.442927
0.5061       -0.900503
0.40889       -0.734299
0.396238       -0.631387
0.567374       -0.572363
0.336348       0.282511
0.442679       0.722038
0.384751       -0.0470399
0.314522       0.675455
0.553337       -0.245803
0.453646       -0.5574
0.625543       -0.662032
0.349031       -0.0667601
0.504692       -0.770054
0.326484       -0.698035
0.478493       -0.729826
0.456304       -0.708718
0.183988       0.172701
1.17974       0.779705
0.563325       -0.587574
0.463399       0.179537
0.285545       0.42927
0.467541       -0.364406
0.727748       -0.33075
0.862038       0.647906
0.612949       0.399434
0.797046       0.335306
0.797256       -0.767073
0.419352       -0.919843
0.400779       0.547299
0.331954       0.611341
0.448535       0.733919
0.346096       0.0966165
0.49004       0.680392
0.240032       -0.0554879
0.232481       -0.0952964
0.34475       0.704295
0.346294       0.0518429
0.947721       -0.799188
0.532425       0.33638
0.447433       0.0416234
0.556159       0.0885178
0.468129       -0.689043
0.294936       0.467666
0.505003       0.851868
0.499829       0.532229
0.314128       0.374603
0.622301       0.667286
0.484003       0.0528948
0.835491       0.0760026
0.381275       0.552292
0.605633       -0.625339
0.87346       -0.431845
0.546464       -0.352761
0.41693       0.573693
0.536012       -0.182075
0.649942       -0.62294
0.436005       -0.279225
0.487798       -0.263823
0.392571       0.509612
0.661877       0.220164
0.396819       0.516019
0.368921       0.304859
0.431578       -0.630984
0.439638       -0.0583765
0.696414       -0.165454
0.528389       -0.413848
0.576907       0.239149
0.361952       0.685184
0.479539       -0.79603
0.318919       0.0161622
0.322317       -0.273592
0.641702       0.787443
0.576736       -0.0692556
0.249299       0.093162
0.263924       0.361408
0.602245       -0.702437
0.400416       -0.307073
0.235968       -0.455337
0.515278       -0.433665
0.301934       0.315758
0.341801       0.106995
0.281706       -0.422523
0.5108       -0.424682
0.788443       -0.537123
0.651399       -0.574243
0.419918       0.398731
0.6502       -0.311964
0.554546       -0.843936
0.694746       0.7064
0.424519       -0.701322
0.588792       0.165707
0.316944       0.523465
0.39332       -0.284238
0.462015       -0.0275189
0.479513       0.51139
0.523278       -0.488281
0.761795       0.112005
0.419174       0.140927
0.555964       0.781297
0.59871       -0.537487
0.545475       0.42598
0.993137       0.957076
0.476284       0.040627
0.378997       0.348962
0.265365       -0.730215
0.581688       -0.0777647
0.5992       -0.833867
0.404927       0.691903
0.881627       0.0262257
0.398912       -0.666369
0.569531       -0.838386
0.3504       -0.546544
0.404751       0.0541947
0.304472       0.0647635
0.553396       -0.576054
0.489263       0.926449
0.508232       -0.689018
0.465855       0.00890716
0.216121       0.552744
0.310101       0.175566
0.259143       0.145318
0.36938       -0.127281
0.405953       0.737011
0.434974       -0.809965
0.406183       0.153139
0.445996       0.525596
0.381129       -0.73559
0.701884       -0.86228
0.343763       -0.0170409
0.34132       -0.395879
0.362351       0.291536
0.759071       0.616786
0.342699       -0.273299
0.401001       -0.257623
0.331361       -0.00034941
0.809206       -0.683716
0.477099       -0.764552
0.417533       -0.0269258
0.618196       -0.286258
0.671283       -0.233749
0.580179       -0.323423
0.863571       -0.928786
0.38274       -0.545637
0.332761       0.381174
0.602546       0.579991
0.453956       -0.461271
0.682849       -0.49731
0.358994       0.0719958
0.61767       -0.722447
0.27915       -0.23312
0.55088       0.317133
0.428041       0.736098
0.704007       0.032742
0.335028       0.0421187
0.324902       0.254306
0.528795       -0.557399
0.308995       -0.27616
0.415341       0.855194
1.01364       0.254393
0.267216       0.512896
0.523266       -0.173852
0.978273       0.930541
0.691914       -0.954962
0.540507       -0.782181
0.886859       0.854823
0.922842       -0.45701
0.602627       -0.0582742
0.652194       0.234289
0.365757       -0.607235
0.642023       -0.871257
0.808682       -0.674006
0.389328       -0.71864
0.551402       0.270744
0.505573       0.770653
0.568939       0.849194
0.481362       -0.651473
0.440871       -0.846858
0.394348       -0.304756
0.477137       -0.0048281
0.681832       0.13841
0.387208       0.276752
0.632744       -0.0740067
0.58585       -0.876134
0.472895       0.678375
0.371286       0.516683
0.329186       -0.749877
0.472372       0.671933
0.563719       0.456229
0.453531       0.662011
0.506549       0.147428
1.0067       -0.762242
0.967395       -0.394292
0.478967       -0.540953
0.37247       -0.755102
0.497281       -0.379101
0.649634       0.200265
0.733627       -0.746876
0.553007       -0.154885
0.518439       -0.362581
0.413372       -0.364895
0.317407       -0.746078
0.608379       -0.289293
0.441238       -0.475157
0.592355       0.836216
0.827386       -0.782596
0.670097       -0.0978912
0.755162       0.0855968
0.472194       0.859223
0.85318       -0.641712
0.654768       -0.508538
0.36731       0.601107
0.248614       -0.266017
0.725256       -0.256265
0.534388       -0.373679
0.504829       -0.709597
0.747762       -0.459868
0.317011       0.412545
0.343564       0.222264
0.651189       -0.441202
0.599931       0.859102
0.413685       0.0295301
0.515839       -0.146846
0.37545       -0.779869
0.507775       -0.139082
0.802593       -0.819922
0.784334       -0.734838
0.502429       0.0279397
0.797119       0.525132
0.376557       -0.667517
0.822856       -0.7465
0.668953       0.654914
0.503589       -0.648193
0.640031       -0.254075
0.43855       -0.60775
0.30609       -0.0932033
0.612046       -0.49095
0.425585       0.42815
0.689449       -0.264586
0.669343       -0.627062
0.410238       -0.464944
0.390385       0.0520886
0.285876       -0.269702
0.362585       0.557605
0.408002       0.0432023
0.443571       -0.149645
0.46071       0.278993
0.718535       -0.408491
0.427116       0.00356235
0.366925       0.702799
0.321958       -0.195855
0.480321       -0.678791
0.77534       0.727355
0.306742       -0.35849
0.415158       -0.370578
0.494389       0.408892
0.663451       0.636912
0.663874       -0.645306
0.670859       -0.251081
0.463036       -0.156877
0.338324       -0.00235971
0.298733       -0.485693
0.337961       -0.425443
0.394734       -0.093798
0.339137       0.747671
0.568559       -0.145476
0.744458       -0.559419
0.439659       0.714235
0.271136       -0.0960882
0.369643       0.3327
0.606534       -0.0257081
0.350365       -0.450866
0.262366       -0.072333
0.588361       0.358341
0.483812       0.517909
0.450137       0.877753
0.629416       -0.646729
0.412223       -0.370028
0.416705       0.0914263
0.676223       0.475699
0.604805       -0.848717
0.194586       0.437338
0.46333       0.45973
0.490616       -0.914536
0.54939       0.102656
0.768048       0.627531
0.269226       0.827418
0.409056       -0.158564
0.814533       0.911544
0.30891       -0.0889127
0.355013       0.306822
0.566517       -0.60887
0.46337       0.237907
0.454218       0.611526
0.278691       0.638762
0.585454       0.913897
0.408931       0.139499
0.62586       -0.0568587
0.385744       0.402449
0.787978       0.736128
0.802271       0.447701
0.682012       -0.760618
0.283426       0.629607
0.335397       0.389774
0.801215       -0.833533
0.938081       -0.673358
0.493678       -0.665486
0.258381       0.332085
0.377314       -0.785448
0.278974       -0.23161
0.316533       -0.31811
0.544167       -0.171758
0.506238       -0.853591
0.467015       0.790852
0.391398       0.0370865
0.611526       0.78786
0.454998       0.433928
0.674953       0.75339
0.713759       0.187182
0.248822       0.0232777
0.530063       -0.949771
0.556618       0.111178
0.389271       -0.202317
0.51785       -0.916039
0.431751       -0.265847
0.871755       0.790741
0.553591       0.477905
0.564131       0.00712544
0.425603       -0.860626
0.49717       -0.525405
0.361187       0.549531
0.240531       -0.210754
0.647989       0.167399
0.888389       0.216466
0.454398       -0.50928
0.705856       0.172121
0.44134       -0.772566
0.319773       -0.560363
0.852151       -0.81872
0.49801       0.239226
0.393092       0.647034
0.49447       0.0276147
0.601376       -0.895324
0.178626       -0.117375
0.563948       0.0776391
0.485257       0.268495
0.338696       0.140642
0.408971       -0.477105
0.436575       0.39623
0.389633       -0.308283
0.382734       -0.520116
0.451563       0.777956
0.574948       0.433495
0.475444       -0.258936
0.675623       -0.0719854
0.492947       0.752133
0.975728       0.502386
0.535356       0.746436
0.346148       0.411061
0.428851       -0.771055
0.301457       -0.409847
0.292582       0.643151
0.339254       0.376532
0.460553       -0.509319
0.445825       0.448284
0.404534       0.785734
0.376774       0.814228
0.509542       -0.589655
0.297543       0.259173
0.359429       0.215666
0.565489       0.125368
0.690149       0.937232
0.311699       -0.0896178
0.873374       0.127372
0.396128       0.535055
0.398135       -0.0963224
0.368131       0.390041
0.536627       0.398696
0.570318       0.454433
0.266456       0.0105624
0.402616       0.821136
0.208226       -0.613653
0.551823       -0.552232
0.352356       -0.18079
0.4549       -0.528602
0.698523       0.852762
0.513368       -0.548755
0.40193       -0.633721
0.604033       0.0707561
0.913688       -0.844993
0.613426       -0.902593
0.845367       0.650683
0.629868       0.723047
0.505023       0.867066
0.506146       -0.371776
0.3634       -0.830711
0.544085       -0.042836
0.432225       0.782523
0.556268       0.193842
0.713984       -0.113842
0.644572       -0.840367
0.698617       -0.878396
0.31704       0.0999699
0.28739       0.0149523
0.930515       -0.548914
0.755565       0.89631
0.399759       0.807184
0.546033       -0.714258
0.646426       0.821376
0.735805       0.735441
0.796963       -0.662416
0.441275       -0.763897
0.656334       -0.439238
0.428056       -0.846272
0.494514       0.0670015
0.562002       0.757576
0.461713       0.742432
0.270704       -0.150717
0.707626       0.765193
0.254393       0.123097
0.26226       -0.0606282
0.639752       -0.1666
0.288425       -0.86681
0.609317       -0.490403
0.447067       0.755966
0.668562       -0.0562181
0.422706       -0.561124
0.311499       0.306019
0.821196       0.432959
0.575841       0.853454
0.843237       -0.936152
0.663304       0.317915
0.678728       -0.310646
0.459423       -0.253256
0.807001       -0.592986
0.350774       -0.222607
0.282985       -0.27126
0.644168       -0.0210845
0.284658       -0.259356
0.613837       0.239757
0.565214       -0.170168
0.426686       0.820442
0.401035       -0.800414
0.922491       0.950788
0.438847       -0.627956
0.540214       0.798275
0.681341       0.679888
0.390721       -0.198819
0.869903       -0.622971
0.182805       -0.252882
0.667053       -0.171694
0.276406       -0.463127
0.301456       -0.668158
0.499106       -0.202671
0.400416       0.0619172
0.677888       0.177554
0.451767       -0.52785
0.519003       -0.674924
0.793671       -0.684638
0.330144       0.0345486
0.391957       -0.742477
0.457844       0.031533
0.264742       -0.60042
0.41939       0.0388041
0.359993       0.166652
0.653321       -0.901815
0.463503       0.179029
0.417017       0.241994
0.648467       -0.865005
0.333491       -0.169801
0.674989       0.643355
0.427812       -0.277213
0.25241       0.462551
0.633024       -0.584325
0.542073       -0.223342
0.55617       -0.3282
0.8072       0.833564
0.37875       -0.378924
0.489616       0.847275
0.3015       0.790312
0.339197       -0.312814
0.707255       -0.694812
0.68315       0.836102
0.674809       0.462643
0.648613       0.413724
0.453079       -0.543235
0.264079       0.768114
0.552513       -0.263516
0.45201       -0.0144706
0.640834       -0.603714
0.297802       0.594744
0.520353       0.396499
0.487102       0.710686
0.468735       -0.621961
0.930143       -0.00413604
0.1928       -0.370529
0.480007       0.763075
0.398281       0.460799
0.926265       0.732987
0.813577       -0.165363
0.387104       0.44447
0.541887       0.188476
0.424827       0.919476
0.402078       -0.516229
0.483025       -0.728596
0.404373       0.160359
0.397476       -0.291447
0.491744       0.861768
0.415149       -0.634004
0.532758       0.820371
0.503149       -0.861166
0.738227       0.564923
0.418366       -0.601655
0.3214       -0.33025
0.602914       0.0191544
0.334123       0.581303
0.303539       -0.0264221
0.309164       -0.147219
0.694474       -0.200833
0.589696       -0.202403
0.647787       0.877168
0.717243       0.72306
0.356226       0.498557
0.580469       -0.531075
0.304528       -0.584488
0.697613       0.572553
0.43265       -0.318876
0.442157       -0.735215
0.312875       -0.0777515
0.350211       0.693215
0.597893       -0.504992
0.530365       0.952709
0.713257       0.619849
0.435045       0.379895
0.781541       -0.531169
0.530448       0.382661
0.288333       0.464915
0.280704       0.391605
0.304387       -0.726323
0.377425       -0.340701
0.666151       0.658632
0.597033       -0.11953
0.405711       0.583725
0.510808       0.0606217
0.601388       0.146606
0.42334       0.435773
0.644062       0.427574
0.297403       -0.0750132
0.285804       -0.128764
0.664474       0.941411
0.327074       0.729124
0.37819       -0.247168
0.453146       -0.586708
0.470212       0.862333
0.472934       -0.537461
0.503132       0.802934
0.450886       -0.359408
0.378565       -0.216101
0.638952       0.226347
0.546046       -0.471743
0.780898       -0.834293
0.470049       -0.918427
0.323884       -0.5223
0.368413       0.777076
0.409696       -0.871714
0.36401       -0.571525
0.523556       0.400628
0.761652       -0.100701
0.570669       0.913886
0.549464       0.0779011
0.66483       -0.507469
0.277923       -0.437509
0.427688       -0.19454
0.871769       -0.749258
0.609679       0.390074
0.499099       0.0639626
0.539504       -0.0674259
0.341336       -0.62915
0.415257       0.751322
0.295198       -0.116283
0.250106       0.159959
0.436563       -0.615136
0.603855       -0.188835
0.198149       -0.504569
0.296201       -0.174591
0.583575       -0.00839287
0.903676       -0.812073
0.546846       0.966627
0.482059       -0.56989
0.745921       0.72163
0.711637       0.054058
0.566347       -0.525865
0.368171       -0.319116
0.941969       -0.0349784
0.657083       0.888701
0.353333       0.644606
0.744666       0.146523
0.722133       -0.60602
0.529016       0.121091
0.696576       0.179291
0.570497       -0.0832846
0.460001       -0.773683
0.703571       -0.973301
0.575412       0.715293
0.450727       -0.116273
0.819516       -0.884373
0.509589       0.711013
0.653599       -0.348795
0.571004       -0.323334
0.486317       -0.260205
0.484195       -0.1811
0.385318       0.0860137
0.261542       -0.634218
0.684041       -0.823642
0.654649       0.94941
0.629061       0.15892
0.587811       -0.032537
0.812731       -0.886487
0.613392       0.580592
0.310584       0.537407
0.499309       0.715523
0.542922       -0.816388
0.431016       -0.029684
0.524245       0.0522788
0.646452       -0.711864
0.404478       0.272121
0.459674       -0.136479
0.38062       -0.340367
0.296019       0.0828046
0.777612       -0.861216
0.208793       0.6929
0.596111       -0.0113795
0.754269       0.684896
0.567985       0.629896
0.337636       -0.870051
0.67484       0.599106
0.515948       -0.931257
0.508039       -0.31795
0.28426       -0.509864
0.735704       -0.26647
0.423244       -0.1108
0.229311       -0.00124377
0.665895       0.955015
0.78125       -0.0887836
0.398354       0.484739
0.269235       -0.598462
0.864399       0.870627
0.334858       -0.455458
0.751605       -0.60696
0.611268       -0.684059
0.6487       0.930641
0.503097       0.0348893
0.63611       -0.768603
0.352059       0.473635
0.209806       0.101325
0.324389       0.673239
0.655596       -0.271802
1.01202       -0.156331
0.591294       -0.892343
0.766639       -0.969871
0.510986       0.781238
0.391515       0.693584
0.337107       0.626242
0.828862       -0.197159
0.291699       -0.352493
0.385194       0.595423
0.535266       -0.0741642
0.632508       0.924467
0.805356       -0.345768
0.606315       -0.330566
0.615593       0.477323
0.691592       -0.767659
0.353547       0.409491
0.622804       0.0781606
0.639889       0.742913
0.450296       0.262553
0.55112       -0.659216
0.523762       -0.470767
0.531192       0.398992
0.597039       -0.719128
0.296566       0.229512
0.397734       0.162238
0.820862       0.831171
0.409228       0.26506
0.517723       -0.11192
0.381619       0.13988
0.776737       -0.222852
0.671142       0.711911
0.361315       0.289812
0.367802       -0.378424
0.432851       -0.700188
0.250024       0.0918881
0.460955       -0.742712
0.395641       -0.350012
0.779905       0.894092
0.57168       -0.347096
0.206288       0.0751338
0.296902       -0.387756
0.272176       0.403493
0.509127       0.553141
0.36692       -0.205299
0.278318       -0.163613
0.717132       0.762365
0.343078       -0.440716
0.393896       0.61295
0.49897       0.135514
0.48622       -0.30491
0.252818       -0.105565
0.426146       -0.120726
0.574392       -0.837835
0.375317       0.0284563
0.388676       0.829821
0.327157       -0.0823919
0.576288       -0.703426
1.00498       -0.82924
0.305794       -0.242006
0.760211       -0.807675
0.287238       -0.660462
0.800628       0.793044
0.69835       0.430275
0.376912       -0.461355
0.573804       -0.525825
0.381717       0.233341
0.636785       -0.702137
0.306281       0.360996
0.364388       -0.831363
0.631289       0.531493
0.720987       0.303436
0.617605       0.802811
0.550695       -0.640173
0.50305       -0.743805
0.23117       -0.367816
0.429402       0.666891
0.403381       -0.798596
0.455277       0.852221
0.588265       -0.757209
0.756118       -0.785316
0.503457       -0.482086
0.541279       0.147707
0.513472       -0.0602604
0.413723       0.225009
0.738547       -0.393289
0.474799       -0.375791
0.331763       -0.140083
0.497978       0.388602
0.331847       0.261082
0.71448       0.849788
0.574016       -0.414205
0.570904       0.645667
0.287913       -0.125803
0.459256       0.675789
0.783779       0.497723
0.386653       0.36931
0.644915       0.188287
0.345829       -0.184108
0.596527       -0.719169
0.549301       0.118671
0.44653       0.641539
0.349668       -0.643961
0.246015       0.36458
0.397134       0.484391
0.30124       -0.690995
0.469796       -0.0270933
0.469775       0.303454
0.607724       -0.0960034
0.616646       0.571674
0.249844       0.484101
0.176343       -0.0742889
0.47755       0.055705
0.358799       -0.27055
0.850395       0.782376
0.902847       0.896482
0.520898       0.215399
0.655231       0.205162
0.406024       0.837587
0.667865       -0.361079
0.722551       0.740684
0.472179       -0.82268
0.430099       -0.112498
0.544868       -0.60569
0.281907       0.258733
0.3558       0.836959
0.623907       0.600145
0.252813       -0.513323
0.3039       -0.342884
0.362597       0.0952526
0.660116       0.049446
0.279899       -0.638589
0.392207       0.657652
0.390061       -0.754499
0.830316       -0.452284
0.467744       0.810045
0.417838       0.326636
0.60256       0.0885163
0.746265       0.838888
0.324162       0.31154
0.307105       0.432422
0.399011       0.364842
0.485767       0.435787
0.476513       0.192301
0.367326       -0.212941
0.388675       0.371281
0.575482       -0.547256
0.726722       0.856678
0.562637       -0.513531
0.448794       -0.787199
0.577104       -0.0237082
0.671527       0.543273
0.470486       0.023993
0.599207       -0.76831
0.348012       0.281845
0.483329       0.682575
0.692098       0.123558
0.502683       -0.840357
0.398438       -0.0281163
0.755731       -0.939447
0.274172       -0.156182
0.478886       -0.609376
0.701164       -0.453577
0.37033       -0.341618
0.29652       -0.780719
0.613647       -0.507639
0.195405       -0.276742
0.242287       0.252479
0.526499       0.181174
0.231809       -0.332215
0.487032       -0.686201
0.409871       -0.109477
0.555844       -0.258221
0.654112       0.898979
0.48139       0.525754
0.497984       -0.451484
0.675946       0.751474
0.397526       0.691692
0.503298       0.762553
0.418905       -0.0926304
0.583343       -0.614942
0.415095       0.765073
0.595075       0.338513
0.276111       0.0497782
0.372815       -0.487897
0.693795       0.748026
0.468298       0.90039
0.423244       -0.403304
0.426807       0.86669
0.600405       0.942272
0.319882       0.0230177
0.425762       -0.382431
0.706094       0.0190258
0.626262       -0.842964
0.641853       -0.702607
0.474791       0.424446
0.298836       -0.132224
0.677194       -0.526778
0.429952       -0.216263
0.486291       0.686777
0.38938       -0.516025
0.581889       0.299588
0.310887       -0.505726
0.69002       -0.797768
0.775654       0.82232
0.307657       -0.503098
0.635144       0.785951
0.502952       -0.132123
0.52208       0.313014
0.51551       0.633967
0.243761       -0.449652
0.731811       0.393612
0.403503       0.834546
0.543253       -0.33109
0.626952       -0.329939
0.474149       -0.0353075
0.59409       0.469385
0.531942       -0.32554
0.955908       -0.53088
0.294985       -0.300751
0.262923       -0.0506468
0.420555       -0.854577
0.339109       -0.780737
0.296752       0.428699
0.385011       -0.0360914
0.707016       -0.709485
0.757422       -0.802526
0.538713       0.140242
0.456694       0.217987
0.408593       -0.299473
0.23692       -0.213151
0.51506       0.303542
0.575435       0.119746
0.50175       -0.434558
0.513759       0.35382
0.788348       -0.861708
0.715544       0.879025
0.55957       -0.00154131
0.56456       0.754726
0.406259       -0.355065
0.596841       -0.786656
0.43519       0.689776
0.326672       -0.0458635
0.564075       -0.532103
0.467055       -0.787893
0.415463       -0.244172
0.341906       -0.0882165
0.341545       0.931108
0.451982       0.226567
0.430223       0.573224
0.44057       0.518648
0.295669       0.671192
0.541554       0.382598
0.419057       -0.594514
0.505679       0.221573
0.519399       -0.365928
0.626345       -0.0351946
0.736105       0.404457
0.447054       -0.421487
0.426712       -0.763663
0.340122       0.191927
0.506204       -0.142724
0.846899       0.492596
0.508278       -0.677048
0.312583       0.454425
0.522232       0.636881
0.683229       0.195893
0.247101       0.0403601
0.785796       0.44874
0.655516       -0.402554
0.638304       0.498415
0.494545       0.385724
0.183449       -0.12052
0.321954       0.0170045
0.72791       0.824728
0.475389       0.421368
0.487525       0.77201
0.398694       0.395951
0.830498       -0.767286
0.379723       0.412395
0.4626       -0.193643
0.512206       -0.848559
0.383392       -0.429716
1.14227       -0.777229
0.663986       -0.410984
0.257745       0.350165
0.376618       0.344495
0.76516       -0.0470462
0.514016       0.157811
0.462258       0.682517
0.454157       0.476855
0.644031       -0.880461
0.698336       -0.645051
0.491123       0.443443
0.340664       0.195322
0.659602       0.692166
0.364515       0.782248
0.603823       -0.255416
0.349491       0.653145
0.355784       0.158346
0.264484       0.051613
0.607945       -0.283931
0.496959       -0.210353
0.800674       0.427937
0.416168       -0.488331
0.47224       -0.360907
0.412283       0.0941027
0.218321       -0.527214
0.568569       -0.876096
0.478242       -0.734026
0.530569       -0.748407
0.456357       0.869263
0.783615       0.802895
0.337472       -0.283811
0.52421       0.236879
0.521318       0.634139
0.459581       0.449964
0.264734       0.801434
0.523393       0.279902
0.50252       -0.483516
0.766663       0.59248
0.432049       0.144078
0.84518       0.779159
0.94933       -0.821256
0.418994       0.513294
0.554179       0.32629
0.147025       0.456333
0.399559       -0.66093
0.460423       0.906204
0.444394       0.817156
0.349487       0.789584
0.66345       -0.463322
0.322821       -0.548382
0.724448       0.714443
0.531779       0.804424
0.331661       0.641056
0.450209       0.0722094
0.600183       0.474675
0.469014       0.879525
0.578188       0.905281
0.305324       0.602337
0.534471       -0.814449
0.688424       -0.491556
0.602098       -0.401334
0.144563       -0.0281154
0.345602       0.655247
0.325928       -0.341065
0.399443       0.0781925
0.626315       0.960711
0.525723       0.221898
0.480786       -0.271589
0.246572       0.0374876
0.454162       0.868959
0.367777       -0.365117
0.405555       -0.170562
0.443021       0.208416
0.673532       0.243937
0.44826       0.44
0.421528       -0.238051
0.666564       0.333413
0.443793       0.687837
0.370986       0.258655
0.264148       0.588404
0.278151       -0.676806
0.646664       -0.101243
0.704367       0.216897
0.871918       0.0333565
0.747866       -0.0927209
0.326685       -0.730173
0.392467       0.343041
0.467557       -0.741022
0.513679       -0.895195
0.690381       -0.712158
0.66453       0.791135
0.501325       0.0346927
0.479933       0.25759
0.544022       -0.522259
0.57014       -0.680856
0.63665       0.325331
0.532125       -0.409408
0.360296       -0.376702
0.518983       -0.278568
0.599897       0.400574
0.746485       0.118943
0.485925       0.746449
0.447096       0.344379
0.253746       0.49338
0.418484       -0.13787
0.255209       0.355461
0.576284       0.390373
0.398137       0.299282
0.690701       -0.566939
0.372262       -0.217377
0.5818       -0.359675
0.425162       0.411278
0.221428       -0.472832
0.537873       -0.206885
0.452518       0.566796
0.771667       0.838275
0.741226       0.961482
0.504783       -0.156379
0.469224       0.344058
0.497895       -0.0106204
0.319815       -0.287411
0.604339       0.467002
0.617699       -0.392949
0.90876       -0.294047
0.238982       -0.512826
0.427211       0.77787
0.210455       0.181501
0.432227       -0.612496
0.294359       -0.422167
0.651469       0.898183
0.363055       -0.0036483
0.586092       -0.402457
0.380783       0.860668
0.303431       0.161944
0.355903       0.638643
0.288208       -0.0856364
0.713498       0.906849
0.42593       0.163272
0.308908       -0.316901
0.380657       -0.541748
0.601288       0.586602
0.463596       0.815522
0.366956       0.249394
0.606269       0.418326
0.398519       0.807308
0.804686       0.472978
0.287061       0.106591
0.701796       -0.447613
0.588866       0.829494
0.289959       0.0897464
0.217317       -0.265945
0.479298       -0.727451
0.729058       0.717326
0.660177       0.601418
0.590892       0.558218
0.64505       0.907981
0.542376       0.635429
0.773479       0.510991
0.696502       -0.855556
0.578335       -0.0450097
0.549351       -0.646461
0.996727       0.582016
0.654541       -0.445036
0.632175       -0.617415
0.294747       -0.473754
0.377062       0.145871
0.565189       -0.0688364
0.412129       -0.113739
0.577002       0.0285336
0.38132       0.642044
0.363415       0.0828125
0.596587       -0.390221
0.682077       -0.235209
0.516989       -0.561889
0.653683       0.831779
0.531915       -0.0896755
0.522362       -0.351033
0.390527       -0.110838
0.270573       0.841052
0.498275       0.632466
0.538159       0.706733
0.294597       0.317121
0.55862       -0.619762
0.498394       0.609059
0.859798       0.858689
0.444443       -0.935973
0.303495       -0.00568
0.556153       -0.514452
0.648201       0.482398
0.670731       -0.0167314
0.568       0.698408
0.495475       0.361706
0.697234       -0.519624
0.389654       0.579722
0.286053       -0.51862
0.408414       -0.89337
0.59681       -0.886772
0.560489       0.352269
0.283146       -0.696698
0.493784       -0.610047
0.620204       -0.300724
0.532433       -0.731035
0.345054       0.847915
0.247201       -0.576428
0.311267       -0.0179305
0.22967       0.198487
1.0774       0.250646
0.422387       0.368098
0.636698       0.343402
0.825574       -0.532948
0.409136       -0.715
0.377767       0.448647
0.520705       0.336595
0.26643       -0.20485
0.460005       0.31458
0.491935       -0.803146
0.724074       -0.181904
0.552047       0.872264
0.605968       0.62022
0.456604       0.744575
0.38832       0.793086
0.581389       -0.322995
0.585924       -0.69511
0.430954       0.475072
0.472552       -0.48088
0.753271       0.353689
0.564467       -0.384241
0.212998       0.326632
0.494703       -0.490965
0.558519       0.208976
0.250829       0.257343
0.650425       -0.24516
0.565729       0.747358
0.694425       -0.668904
0.533776       0.736452
0.404924       0.687846
0.710046       0.924438
0.506121       0.0649161
0.658488       0.479605
0.317759       -0.67466
0.325497       0.0530525
0.454417       0.0444443
0.41861       -0.404669
0.434883       -0.546438
0.55386       -0.55998
0.491045       0.171972
0.702486       0.164807
0.722557       0.551534
0.701136       -0.872427
0.550951       0.492674
0.98079       0.92181
0.746692       0.917851
0.392047       -0.750045
0.311464       0.382741
0.359743       -0.828823
0.567119       0.198264
0.445386       0.469282
0.823363       0.420233
0.533304       0.504364
0.416216       0.389025
0.7756       0.889916
0.598495       -0.400791
0.570821       0.607922
0.360083       0.460116
0.368808       0.222079
0.358837       0.94535
1.09044       -0.324944
0.5139       0.0707532
0.706496       0.372179
0.267746       -0.738275
0.28891       0.466661
0.701367       -0.704327
0.820115       0.599079
0.632115       0.636969
0.638242       0.279005
0.731641       -0.490338
0.649147       0.702812
0.688861       0.850231
0.483539       -0.480909
0.448432       -0.366395
0.239511       0.373987
0.795062       -0.312073
0.633357       -0.848262
0.687399       0.580882
0.496301       0.137077
0.319272       0.575946
0.671757       0.747323
0.36941       -0.664886
0.684427       -0.681707
0.693673       -0.777132
0.402991       -0.427435
0.441815       -0.448257
0.742071       -0.69927
0.522282       0.600116
0.517288       0.418564
0.90015       0.904802
0.453614       -0.105953
0.447364       -0.447004
0.325457       -0.500151
0.526475       0.229718
0.43261       0.480422
0.481476       0.337868
0.724401       -0.925949
0.570427       0.727249
0.223041       0.0692011
0.920068       0.433987
0.441297       -0.904486
0.384312       0.496105
0.432804       -0.00466522
0.491877       0.880408
0.48492       -0.266306
0.656994       -0.278677
0.473085       -0.467578
0.260804       -0.405181
0.467091       0.156817
0.284251       -0.297539
0.688043       0.296824
0.470199       -0.713527
0.311611       0.699638
0.338561       -0.710273
0.598189       0.338465
0.293989       -0.393506
0.255053       -0.346153
0.890229       0.527228
0.669117       -0.345968
0.828414       -0.929227
0.348402       0.186024
0.320583       -0.347122
0.792405       0.828747
0.424016       0.192828
0.505435       0.261925
0.368424       0.560721
0.885496       0.837836
0.542152       0.451551
0.509961       0.852646
0.376235       0.594991
0.409684       0.000970858
0.474359       -0.370722
0.3927       -0.527917
0.436418       0.730863
0.394829       -0.0708559
0.918517       0.416536
0.471445       0.56039
0.963455       0.268288
0.262695       -0.468154
0.394328       -0.43102
0.592366       0.724929
0.559465       0.741188
0.610166       0.386586
0.504986       0.195817
0.517166       0.180181
0.495467       -0.614669
0.664548       -0.382251
0.757207       -0.589733
0.312196       0.0141412
0.520866       -0.615671
0.723723       0.691611
0.666429       -0.239248
0.297726       -0.51443
0.270193       -0.215071
0.462789       0.751981
0.687954       0.343849
0.310654       0.0395859
0.413767       -0.281143
0.462324       0.612934
1.04139       -0.653432
0.434933       -0.532518
0.416626       -0.688934
0.339612       0.495694
0.457389       0.754847
0.597296       -0.37166
0.9027       0.952114
0.848408       0.760144
0.569199       0.627404
0.534389       -0.121603
0.596438       0.0477687
0.402638       0.187172
0.69435       0.798608
0.46537       0.519851
0.255741       -0.279321
0.306416       -0.638064
0.779356       0.601171
0.20081       -0.311802
0.324798       -0.0999137
0.349868       0.456994
0.3966       0.134711
0.556797       -0.293252
0.827131       -0.531002
0.481735       0.420479
0.512187       0.352187
0.895069       0.931404
0.404336       0.140839
0.382628       -0.463403
0.456758       -0.458578
0.65382       0.422479
0.23773       0.211059
0.460919       0.738723
0.470879       -0.614076
0.304063       -0.667322
0.355449       -0.443957
0.227837       0.169946
0.558673       -0.648116
0.411915       -0.306221
0.428866       0.335869
0.508569       0.802861
0.561357       0.214453
0.415166       -0.38044
0.696086       -0.931745
0.528646       0.705381
0.49042       -0.352298
0.574811       0.77803
0.510669       -0.193081
0.501592       0.241903
0.507165       0.597461
0.269061       -0.524423
0.481467       -0.419337
0.598439       -0.0734207
0.615948       0.160178
0.649823       -0.495792
0.80079       -0.448905
0.285622       0.411551
0.63669       -0.356032
0.352296       0.496811
0.34696       0.314245
0.616211       0.798403
0.637323       -0.753164
0.404705       -0.449129
0.696136       -0.478262
0.721296       0.252826
0.627634       0.554045
0.173874       0.325288
0.234333       0.41766
0.454771       0.752524
0.613686       -0.612101
0.347285       -0.360874
0.379851       0.85333
0.570072       0.725221
0.517678       0.533022
0.293531       -0.772087
0.518265       -0.958879
0.484073       -0.736815
0.541325       -0.722375
0.376881       -0.106458
0.280246       -0.322237
0.445072       -0.355825
0.57669       0.376459
0.483474       0.412044
0.699091       0.00394783
0.56133       -0.522123
0.296881       0.42804
0.655363       -0.177775
0.437264       0.609248
0.180961       0.0710723
0.747317       -0.88877
0.330827       -0.783086
0.670662       0.784771
0.771912       -0.10989
0.433583       0.173138
0.5297       -0.695846
0.493175       -0.449707
0.532656       0.438941
0.620212       0.844208
0.271885       -0.0731466
0.705235       0.671982
0.654712       -0.0648192
0.689082       -0.337383
0.62373       -0.750493
0.57149       -0.457604
0.527388       -0.374656
0.32855       0.455935
0.248378       0.308415
0.513542       -0.605883
0.346457       -0.399678
0.577729       -0.31975
0.437688       0.815497
0.556707       0.169641
0.549851       -0.213052
0.507554       -0.710919
0.569186       0.191805
0.407544       0.349793
0.449111       0.870897
0.639219       -0.151073
0.448613       -0.925492
0.38549       0.128577
0.229499       0.215853
0.3464       0.777268
0.756841       0.905257
0.694094       -0.155757
0.354203       -0.634461
0.530099       0.48273
0.3831       -0.0876943
0.475838       0.589034
0.374076       -0.923703
0.327828       0.760011
0.538816       -0.409532
0.523714       0.707873
0.709961       0.680399
0.517176       -0.67187
0.585411       0.877552
0.745704       0.20759
0.621118       0.170916
0.441012       -0.808988
0.827387       -0.516137
0.508748       -0.788107
0.545214       -0.731111
0.942592       0.642922
0.313891       0.398848
0.358427       0.675682
0.453127       -0.186902
0.552376       -0.060994
0.356045       -0.666128
0.864748       0.474069
0.664459       -0.718849
0.327018       -0.475255
0.481878       0.597317
0.412272       0.626662
0.493771       0.769892
0.351534       -0.384515
0.530467       0.328283
0.595659       0.966064
0.984794       -0.966258
0.394488       -0.69266
0.847667       0.372494
0.313532       -0.368668
0.504964       0.177207
0.623984       -0.402424
0.722842       -0.483969
0.776721       0.349398
0.329338       0.393626
0.449108       0.624017
0.550367       -0.79376
0.675033       -0.64367
0.36799       -0.50759
0.645719       0.614532
0.322732       0.26363
0.490083       0.0819621
0.279041       0.1269
0.692795       -0.490129
0.390609       0.0974692
0.401267       0.703771
0.713264       0.685031
0.483426       0.0590408
0.344472       -0.59725
0.302981       0.677844
0.437326       0.423103
0.464663       0.0907362
0.622781       -0.434002
0.360528       0.201952
0.702573       -0.175022
0.453046       0.147158
0.267607       0.395879
0.470677       0.575479
0.284747       -0.64615
0.705062       0.831437
0.495679       0.867309
0.769229       -0.369431
0.47551       -0.291676
0.853389       0.493269
0.314224       0.0651384
0.66563       0.873477
0.776787       0.353913
0.437423       -0.341855
0.684438       -0.365935
0.429139       0.699844
0.407223       0.507402
0.542593       0.349249
0.423491       -0.306939
0.650197       -0.736677
0.576039       0.72337
0.27947       0.679913
0.484592       -0.221084
0.558538       0.555726
0.639778       -0.924524
0.437246       0.119988
0.630868       0.555161
0.476668       0.626781
0.890716       0.195321
0.534419       0.144266
0.228814       -0.461233
0.498619       0.726056
0.355918       0.0183973
0.473406       -0.527383
0.32178       0.313093
1.0176       0.915315
0.512262       -0.211039
0.416672       -0.565865
0.689323       0.639722
0.776955       -0.58682
0.35813       0.0921692
0.366738       -0.416978
0.648295       0.553506
0.667098       -0.284302
0.525276       0.555192
0.593153       -0.365663
0.610163       -0.481478
0.405782       -0.315546
0.297791       0.595555
0.246       -0.69069
0.286681       -0.027569
0.430885       0.393434
0.502258       -0.305277
0.396337       0.315251
0.272317       0.376279
0.303305       0.644075
0.414828       0.142817
0.902837       -0.846252
0.337794       -0.281421
0.366926       -0.774331
0.88731       -0.56769
0.737139       0.859539
0.574074       0.888755
0.410442       0.739942
0.809499       -0.645602
0.657392       0.207205
0.727265       0.583254
0.280154       -0.338152
1.19545       -0.0424125
0.34678       0.126347
0.276014       -0.829675
0.381013       -0.480958
0.311946       -0.406993
0.46477       0.192759
0.389362       -0.281594
0.341488       0.12898
0.477007       0.837757
0.305941       -0.258742
0.267499       -0.0226202
0.898766       0.949288
0.606855       0.49473
0.564398       -0.545281
0.735397       -0.300303
0.543496       -0.245927
0.598168       0.661835
0.525718       0.214701
1.10455       -0.672196
0.705904       -0.474106
0.850582       0.861119
0.486251       0.338678
0.458728       0.781146
0.634298       0.696805
0.303976       -0.378552
0.800899       -0.926872
0.381107       -0.0936283
0.823502       -0.974404
0.463336       0.619977
0.403578       -0.577762
0.504494       0.226739
0.528774       -0.291221
0.323244       -0.184682
0.563419       0.757301
0.72059       0.491344
0.901003       0.843324
0.691788       -0.6751
0.41736       -0.230334
0.722006       0.790417
0.52199       0.020091
0.840217       -0.855846
0.402582       -0.725223
0.418151       0.175629
0.528382       0.912554
0.369158       0.294855
0.697804       -0.859464
0.823488       -0.134701
0.634208       0.865871
0.30948       0.528533
0.375637       -0.325354
0.824031       -0.716838
1.01055       0.958897
0.397783       -0.770524
0.785257       -0.442501
0.467738       0.164104
0.772613       0.455648
0.352652       0.0429976
0.908511       0.239099
0.314978       0.522175
0.591488       0.303267
0.706834       0.321305
0.636469       0.648472
0.725866       0.819332
0.365239       -0.139399
0.283472       -0.46425
0.233791       -0.153447
0.542809       0.193385
0.57881       0.756682
0.369972       -0.12359
0.434797       0.509693
0.871288       0.197038
0.529363       0.0871998
0.317075       -0.488493
0.633274       -0.300455
0.515234       -0.43438
0.455541       -0.134775
0.514018       -0.594436
0.540916       0.773062
0.38163       0.232762
0.659158       0.72627
0.353171       -0.395023
0.448875       0.641167
0.439205       0.188315
0.386471       0.0272154
0.828757       0.858836
0.499136       0.580647
0.536729       -0.45986
0.775186       -0.918514
0.458065       0.614535
0.905214       0.0520322
0.305717       0.0433186
0.534277       -0.900514
0.307701       -0.660112
0.48806       0.238903
0.606284       -0.252934
0.254311       -0.524685
0.526922       -0.70263
0.661677       0.166873
0.743661       -0.600044
0.186927       0.239578
0.437323       0.256637
0.486075       0.0304908
0.326619       0.598398
0.34802       0.292287
0.346607       0.760635
0.226809       0.739879
0.832256       0.754873
0.587036       -0.933075
0.299216       -0.53678
0.591303       -0.730787
0.58539       -0.703902
0.781193       -0.34418
0.309694       -0.684652
0.608673       0.438651
0.510286       -0.0344643
0.338036       0.50143
0.289201       -0.319022
0.564662       0.459669
0.636391       -0.0774723
0.814653       0.10123
0.285487       0.582883
0.897514       -0.241715
0.639771       -0.9302
0.564499       -0.0908374
0.395948       -0.416382
0.886427       -0.130253
0.764847       -0.0180649
0.899387       -0.590677
1.15349       -0.612762
0.668606       -0.0821585
0.577795       0.609914
0.422986       -0.729081
0.410715       0.00430574
0.590077       -0.514939
0.424827       -0.631131
0.583314       0.862877
0.413492       -0.309718
0.495492       0.833105
0.330369       0.44863
0.540045       0.86287
0.612927       -0.318897
0.666361       -0.747424
0.687685       0.452651
0.587659       0.739252
0.340285       -0.495011
0.411222       0.0226898
0.431996       0.577564
0.365491       -0.124881
0.485351       -0.165595
0.345072       -0.747878
0.671568       -0.879935
0.591964       0.431266
0.248095       -0.576382
0.810501       -0.563221
0.278971       -0.619674
0.298622       0.457336
0.583953       0.579789
0.795835       -0.679825
0.558787       -0.668436
0.486106       0.419099
0.676412       0.525049
0.639582       -0.735859
0.384692       -0.301528
0.708589       -0.545255
0.455482       0.00907001
0.378256       -0.386947
0.596844       0.0208701
0.526809       0.701222
0.312365       0.284723
0.3665       0.396243
0.654063       0.486411
0.602452       0.306827
0.55824       -0.663765
0.418265       -0.696548
0.576527       0.856028
0.559847       -0.164412
0.519814       -0.41805
0.254452       0.0821671
0.508077       0.49741
0.385972       0.600384
0.564491       0.472106
0.58284       0.383272
0.418721       0.17522
0.299365       -0.000126249
0.754455       0.703568
0.917278       -0.796265
0.46857       0.88406
0.26182       -0.602808
0.289376       -0.320324
0.488154       -0.630832
0.478387       0.653046
0.919235       -0.646971
0.476061       0.422463
0.443975       -0.745871
0.584693       0.596134
0.556545       0.496132
0.572363       -0.371082
0.563905       -0.479803
0.318792       -0.766514
0.497175       0.464363
0.182239       0.367765
0.64951       0.0329924
0.711971       0.742076
0.404278       -0.551783
0.447128       0.115285
0.402518       -0.38505
0.250981       -0.0876639
0.39418       0.688918
0.941006       0.197404
0.421101       0.51349
0.676696       0.943712
0.881068       0.91205
0.514738       0.680648
0.592962       -0.191369
0.681824       -0.112848
0.692213       -0.903663
0.494041       -0.399274
0.533368       0.18882
0.376188       0.424987
0.491486       -0.558485
0.532131       -0.897696
0.433363       -0.363526
0.929307       -0.90399
0.766734       0.623363
0.548726       0.835842
0.539117       0.847837
0.70694       0.298406
0.235309       0.303964
0.299212       0.162183
0.383141       -0.100722
0.369055       0.570298
0.314775       0.753133
0.50673       -0.16079
0.480698       0.639932
0.528668       -0.80848
0.289153       0.0742668
0.448118       -0.720628
0.350999       -0.188253
0.318384       -0.603327
0.579212       -0.739411
0.472427       0.376191
0.448521       -0.0928886
0.406903       -0.5228
0.397421       -0.375421
0.544329       -0.842675
0.57275       0.586492
0.503324       0.662724
0.729522       -0.621961
0.606009       -0.661862
0.638378       0.462026
0.591328       0.806191
0.388846       0.011377
0.561767       0.889474
0.456715       0.6949
0.88711       0.451515
0.347812       0.164629
0.607432       0.756229
0.408043       0.0286215
0.799729       0.454598
0.599063       0.239747
0.313074       0.135636
0.124271       -0.307482
0.404867       -0.0125866
0.430665       -0.410837
0.744588       0.853467
0.494775       0.778577
0.461907       0.140499
0.363931       -0.595904
0.574878       0.693373
0.40432       0.456103
0.491513       0.715025
0.768224       0.792982
0.799801       0.078623
0.479903       0.806209
0.373033       -0.641142
0.480349       -0.782295
0.690433       0.668281
0.778247       0.86923
0.621375       -0.256363
0.807473       -0.361451
0.496929       -0.147716
0.521475       -0.284676
0.261656       0.658069
0.398919       -0.265428
0.786719       0.894887
0.356207       0.458718
0.237952       0.526309
0.311982       -0.518932
0.475672       -0.260077
0.578811       -0.194218
0.666557       0.492877
0.439893       0.66806
0.297999       0.434134
0.729899       -0.803514
0.543793       -0.606472
0.910115       -0.783925
0.484637       0.0988471
0.55068       0.695652
0.518835       -0.69821
0.824114       0.69352
0.658422       0.83062
0.438259       -0.710319
0.33843       0.150906
0.525322       -0.261543
0.580531       -0.010671
1       1
