0.64446       0.762873
0.395844       0.596763
0.869524       -0.813163
0.446485       -0.867404
0.499934       0.48534
0.445874       0.849592
0.689676       0.869755
0.194302       0.455467
0.4075       -0.344037
0.298069       0.202056
0.506325       -0.389205
0.51747       -0.0335865
0.448582       -0.820932
0.0939639       0.0621196
0.356516       0.364577
0.410187       -0.375265
0.581709       -0.879753
0.46499       -0.542397
0.620322       0.75705
0.262171       0.741503
0.60339       -0.812748
0.388493       -0.340148
0.538958       -0.922867
0.214828       -0.0214761
0.387212       0.697599
0.121477       0.0882734
0.737533       -0.241433
0.346522       -0.347914
0.22963       -0.103575
0.767198       -0.946077
0.241205       0.0977937
0.361402       0.643693
0.411298       -0.682726
0.128824       0.209787
0.322413       0.921879
0.456791       0.732778
0.457289       0.933933
0.532115       -0.701366
0.453501       -0.866083
0.438361       0.170159
0.525328       -0.605023
0.73594       0.887521
0.293943       -0.608695
0.63279       -0.936435
0.297523       -0.521297
0.549353       -0.697165
0.38416       0.572008
0.714729       0.230993
0.520645       0.856189
0.278583       0.457205
0.449572       -0.719826
0.243929       -0.654371
0.48305       0.753054
0.682044       0.851355
0.338821       -0.304459
0.853355       0.0989633
0.517824       -0.88878
0.564452       0.529455
0.409316       0.556531
0.57423       -0.738247
0.310012       -0.378478
0.293599       -0.885213
0.304713       0.281579
0.292646       -0.632899
0.446703       0.839692
0.191691       0.481514
0.786116       0.510775
0.330314       0.882686
0.289017       0.0370805
0.455628       0.425886
0.803308       -0.935836
0.487973       -0.444303
0.559665       -0.890032
0.442144       0.851043
0.325694       0.410826
0.30196       0.136828
0.49756       -0.0233875
0.613388       -0.978238
0.270623       -0.834051
0.401419       -0.839317
0.377478       -0.575387
0.638072       -0.525603
0.436567       0.354294
0.325181       -0.87353
0.738799       -0.658083
0.472748       -0.879363
0.423108       -0.855861
0.522989       -0.433489
0.30363       -0.365986
0.622939       0.813574
0.306766       0.490896
0.28524       -0.404324
0.351953       0.522034
0.597399       0.464844
0.302613       -0.468068
0.483365       0.621008
0.61446       -0.952659
1.0684       -0.936789
0.352384       0.271779
0.459141       0.281967
0.493806       0.853046
0.589202       -0.406194
0.45961       0.327511
0.417869       0.781844
0.590137       0.900803
0.221367       -0.62174
0.534049       -0.845013
0.654847       0.786718
0.347547       0.525134
0.3542       0.597061
0.398973       0.586261
0.595831       0.537545
0.366979       -0.0396411
0.192884       -0.516514
0.553588       -0.531006
0.467148       -0.465092
0.528789       -0.869851
0.646431       -0.0503279
0.631558       -0.872107
0.328136       0.600558
0.519661       0.466109
0.321415       -0.534867
0.723284       0.901307
0.379431       0.838087
0.434232       -0.678493
0.610983       0.392483
0.616692       -0.0220034
0.393234       0.565732
0.513377       -0.60284
0.444859       0.648805
0.570632       -0.868099
0.290985       0.288117
0.571155       0.798016
0.545668       0.871767
0.623361       -0.512264
0.356885       0.826571
0.361492       0.629218
0.487346       0.915389
0.645748       -0.885113
0.444394       -0.471483
0.464989       -0.681702
0.975849       -0.938825
0.629351       0.664824
0.516793       0.507735
0.593596       -0.815775
0.415771       0.767542
0.387733       -0.14579
0.459428       0.129831
0.34511       -0.71385
0.419025       -0.291358
0.792726       -0.844424
0.41081       -0.880928
0.34085       0.943783
0.3095       -0.620217
0.259213       -0.213915
0.246189       0.053745
0.445238       0.540279
0.713803       -0.938192
0.484659       0.00328351
0.430994       -0.559474
0.706532       -0.810848
0.233796       0.843918
0.261722       0.300604
0.511277       -0.962211
0.399923       -0.0195578
0.422091       0.438452
0.395275       -0.444417
0.385548       -0.263611
0.811774       -0.912248
0.530758       0.190228
0.244581       0.610073
0.196937       -0.579209
0.810362       -0.784851
0.199904       -0.337787
0.456974       0.839389
0.491357       -0.609767
0.433287       0.0828873
0.470129       -0.627166
0.262021       -0.157976
0.935341       0.0814788
0.411255       0.278834
0.686882       0.469936
0.611677       -0.969491
0.592028       -0.0597067
0.189665       -0.339636
0.321809       0.747721
0.479638       0.407153
0.247747       -0.252438
0.329575       -0.0449524
0.21536       -0.298076
0.337803       0.718102
0.38258       0.302055
0.932528       0.914201
0.375931       -0.179503
0.59837       -0.979895
0.540854       0.913851
0.273939       0.539721
0.381363       -0.44188
0.353954       -0.263381
0.718164       0.934398
0.418532       0.847444
0.424889       -0.576326
0.66428       0.172623
0.486887       0.543179
0.848754       -0.763059
0.631621       0.497593
0.329909       0.354517
0.631915       0.222823
0.493205       -0.740521
0.345792       0.667465
0.336092       -0.45519
0.260748       -0.00899471
0.212194       -0.20624
0.519007       0.0809524
0.425658       -0.336689
0.48414       -0.729465
0.23221       -0.0251962
0.436575       -0.687858
0.332959       0.55157
0.443111       -0.778814
0.53865       -0.787092
0.290317       -0.201281
0.508693       0.757318
0.432519       0.672136
0.732754       -0.608094
0.322788       0.617791
0.48908       0.779489
0.22316       -0.607764
0.384708       0.846856
0.276234       0.396285
0.639868       0.528636
0.510561       -0.842508
0.518927       0.797936
0.55435       0.502952
0.461661       -0.793634
0.207817       0.431837
0.87748       -0.948881
0.288222       -0.417407
0.367039       0.639641
0.226315       -0.53018
0.52698       0.323645
0.277714       -0.0329576
0.218186       0.390961
0.57577       0.663989
0.451357       -0.54163
0.432708       -0.299591
0.849356       0.939791
0.177936       -0.574689
0.623024       -0.135191
0.490794       -0.9446
0.591096       0.521287
0.569007       0.896162
0.368235       -0.569914
0.650656       -0.797165
0.708152       0.867338
0.370691       -0.375503
0.300514       0.637405
0.415562       -0.252868
0.46209       0.151922
0.414782       -0.884235
0.237227       -0.0335186
0.784117       0.8913
0.790798       0.923143
0.406122       0.658791
0.403401       0.156641
0.680756       0.188664
0.230029       0.253347
0.546005       -0.783547
0.443007       0.7999
0.717308       0.735951
0.376343       -0.869124
0.551767       -0.78543
0.231533       -0.0322874
0.717413       0.819765
0.328051       -0.653265
0.420392       0.633383
0.618645       -0.892161
0.494013       -0.862501
0.3338       -0.40479
0.659157       0.899773
0.392557       0.553505
0.37547       0.561159
0.280003       0.55741
0.306281       0.846126
0.521783       0.520693
0.505097       0.715687
0.259674       0.619932
0.434636       -0.112749
0.341089       0.8572
0.356777       -0.652257
0.586924       0.88611
0.591922       0.75657
0.19324       0.0191266
0.133659       0.0498772
0.400445       0.0634308
0.693006       -0.942002
0.464553       -0.534396
0.386193       -0.755884
0.324358       -0.181066
0.256398       -0.4038
0.539605       -0.85666
0.453366       0.133516
0.446043       -0.717455
0.47975       0.695569
0.211162       0.017325
0.268242       -0.295709
0.740664       -0.701752
0.474272       0.565016
0.46228       0.340975
0.649123       0.348495
0.509069       0.0560505
0.535631       -0.617132
0.551003       0.867961
0.604906       0.936818
0.445918       -0.506078
0.188299       -0.00209947
0.23085       -0.613261
0.36798       -0.770398
0.707393       0.841343
0.701733       -0.790789
0.410033       -0.155412
0.835994       -0.91425
0.305057       0.878804
0.377808       0.882945
0.441157       0.132085
0.304284       -0.312704
0.543646       -0.627765
0.29246       0.479844
0.183604       0.514952
0.454889       -0.687649
0.209976       0.277519
0.358817       0.238827
0.534456       0.532388
0.352983       0.157217
0.961599       0.0813233
0.251922       0.695415
0.498705       -0.732308
0.579642       0.28408
0.198183       -0.455841
0.13926       -0.597953
0.385391       0.716336
0.298151       -0.789232
0.340843       0.0870856
0.811912       -0.245275
0.580764       0.547463
0.399812       -0.315517
0.233855       0.80878
0.455701       -0.853808
0.454938       -0.891389
0.451053       -0.573649
0.353629       -0.6435
0.566446       0.568516
0.308215       -0.22879
0.575597       -0.59581
0.599054       0.516889
0.277544       -0.684799
0.356869       0.48693
0.89451       -0.889076
0.564099       0.430455
0.550967       -0.948378
0.460204       -0.786329
0.437452       0.0449593
0.408714       0.151809
0.25464       0.382028
0.374154       -0.326169
0.428762       0.0889655
0.28434       0.273263
0.398672       0.801196
0.454753       -0.763386
0.63503       0.938062
0.421721       -0.612308
0.297709       0.888543
0.228118       0.607558
0.646771       -0.889753
0.320371       0.155904
0.358189       -0.876897
0.52814       0.723003
0.592135       0.0735051
0.44199       -0.0994739
0.346566       -0.517954
0.307445       -0.82458
0.622411       0.0575286
0.37885       0.912804
0.237998       -0.445115
0.396929       -0.842921
0.407825       -0.564535
0.149745       0.0797043
0.869333       -0.899665
0.584339       0.814259
0.341108       -0.762847
0.230338       -0.509787
0.730788       0.649265
0.498891       -0.940344
0.435505       -0.0651688
0.618188       -0.296813
0.387353       0.320891
0.284007       0.486768
0.215923       0.658523
0.644517       -0.802732
0.22616       -0.00709664
0.525789       -0.259747
0.343399       0.787058
0.792006       -0.906374
0.645613       0.888953
0.475737       -0.261067
0.260086       0.624354
0.682924       0.144481
0.433265       0.644035
0.495428       -0.1373
0.279071       0.538479
0.605593       -0.876025
0.328348       -0.4691
0.452553       -0.350421
0.832168       0.269528
0.792928       -0.138884
0.39386       -0.423373
0.485907       -0.799149
0.301878       -0.77069
0.462508       -0.845476
0.604482       0.0410512
0.396337       -0.498479
0.598284       0.209146
0.283936       -0.448114
0.481162       0.730794
0.314302       0.70427
0.967432       0.899129
0.231341       -0.0856262
0.570913       -0.825056
0.347597       -0.831843
0.64408       0.655386
0.363771       -0.13296
0.605732       -0.825926
0.297209       -0.586289
0.251311       0.598191
0.392491       -0.699205
0.20345       -0.504971
0.526127       0.50655
0.75297       0.0590419
0.455779       -0.907936
0.508375       0.85113
0.982736       -0.780778
0.332257       -0.427871
0.544635       -0.8211
0.283536       -0.657734
0.436525       0.34237
0.217477       0.448411
0.381974       -0.686081
0.237152       0.557197
0.291021       -0.0235967
0.209247       -0.0290563
0.328747       -0.275971
0.378105       0.321691
0.420324       0.847515
0.52352       0.897992
0.346623       0.344352
0.457375       0.592068
0.316131       0.44598
0.523849       0.811677
0.188872       -0.149063
0.502717       0.109987
0.338006       0.554623
0.482727       0.185409
0.776233       -0.763841
0.743312       0.865935
0.636361       -0.416727
0.32155       0.752507
0.298202       -0.659352
0.643285       0.759903
0.442867       -0.772271
0.475674       0.285983
0.175661       0.362707
0.3775       -0.800302
0.454666       -0.0674723
0.318851       0.627293
0.392169       -0.536556
0.343811       0.190355
0.593969       -0.752801
0.369787       0.607562
0.395877       -0.11165
0.718925       0.856031
0.489453       -0.156816
0.354765       0.346086
0.628242       0.851629
0.377247       -0.461503
0.338866       -0.466954
0.290115       0.162796
0.309746       0.711402
0.310111       -0.567545
0.214801       -0.119092
0.63904       -0.254222
0.431276       0.622046
0.192421       0.232508
0.535429       0.199624
0.684379       0.86243
0.489968       -0.908825
0.432843       -0.680656
0.361822       0.085728
0.486688       -0.708456
0.564002       0.667515
0.224537       -0.318074
0.284655       0.440788
0.448963       -0.718218
0.438637       -0.0893943
0.531651       -0.790813
0.326589       -0.644557
0.244848       0.73773
0.432572       0.28564
0.288076       0.0297835
0.415188       0.219468
0.226014       -0.653635
0.436716       0.59554
0.404354       -0.140231
0.260936       -0.849179
0.487455       -0.550637
0.385025       0.664113
0.38564       0.378866
0.420388       0.114982
0.325302       0.490563
0.286168       -0.302471
0.435748       -0.65136
0.444184       0.42447
0.334549       0.0921705
0.381757       0.816026
0.414559       -0.787222
1.00855       0.742181
0.294106       0.617589
0.374599       -0.672556
0.512201       -0.273788
0.605153       -0.310911
0.488234       0.505125
0.411076       -0.303662
0.656771       -0.16007
0.573681       0.538011
0.162595       -0.400638
0.295709       0.964032
0.291066       0.408838
0.288341       0.35939
0.70303       0.940189
0.659544       0.857139
0.26433       -0.459856
0.64413       0.800187
0.262771       -0.512481
0.240225       0.585031
0.486338       0.620284
0.479767       -0.563997
0.332063       0.570315
0.40141       -0.27457
0.201424       -0.260096
0.474623       0.814323
0.244171       -0.5302
0.473709       0.718819
0.252986       -0.227037
0.447847       0.0404555
0.591628       0.591602
0.473037       -0.693723
0.402852       -0.660175
0.530677       0.635926
0.310411       -0.283583
0.296299       0.209415
0.613133       0.309671
0.304435       -0.363271
0.416172       -0.533508
0.256703       -0.614005
0.203392       0.120882
0.885011       -0.90893
0.462063       -0.747278
0.311047       0.614974
0.780517       -0.82112
0.417112       -0.793314
0.491128       -0.694388
0.672997       -0.122405
0.572035       0.786162
0.749095       -0.899809
0.507821       -0.927734
0.469084       0.745964
0.387334       0.582628
0.527828       -0.0459418
0.425286       0.635733
0.413892       0.621633
0.576898       -0.814324
0.34296       -0.13369
0.510266       -0.754247
0.211972       -0.186947
0.576772       0.397887
0.467463       0.0481428
0.477616       0.678804
0.580151       -0.245186
0.240901       0.255038
0.85939       -0.91381
0.483555       -0.818276
0.550145       -0.514718
0.379259       -0.690875
0.288867       -0.525522
0.399062       0.6035
0.337247       0.916262
0.378101       0.121752
0.190542       0.497526
0.539851       0.806024
0.826333       -0.897677
0.463404       -0.120578
0.350498       0.636281
0.33891       0.137366
0.469099       0.0478895
0.312697       0.133418
0.256928       0.317695
0.494753       0.891965
0.523866       -0.907527
0.274939       -0.93139
0.465172       0.79542
0.410251       0.874213
0.651456       -0.71881
0.314385       -0.0989484
0.597577       0.665313
0.373954       0.229988
0.576738       0.591738
0.406993       -0.757747
0.353065       0.610617
0.693567       0.808824
0.454294       0.939723
0.279076       0.605029
0.278597       -0.526978
0.432876       -0.706727
0.293701       0.473347
0.24558       0.158757
0.383767       -0.0786022
0.425281       -0.70557
0.517348       0.747161
0.256826       -0.39123
0.232696       -0.296896
0.415974       0.380273
0.29742       -0.287223
0.676296       -0.0179144
0.361985       0.651772
0.444585       0.946003
0.697111       0.953815
0.535353       -0.842107
0.28985       0.647352
0.350198       0.839263
0.630389       0.244163
0.341709       0.92129
0.67873       0.743693
0.315022       0.0383222
0.263899       0.228373
0.289315       -0.537098
0.391829       -0.837915
0.286628       -0.801752
0.517083       -0.407019
0.528979       0.448917
0.310041       0.551382
0.26126       -0.700901
0.415871       -0.587088
0.392284       -0.75053
0.410025       0.859096
0.398198       0.759917
0.386066       0.678222
0.274037       0.591984
0.134679       -0.503777
0.543861       -0.0310256
0.217141       -0.304325
0.630689       0.808748
0.231992       -0.0614046
0.368059       -0.157906
0.513085       0.569001
0.407577       0.748701
0.625434       0.931428
0.342052       -0.623348
0.705065       0.685547
0.45152       0.608522
0.386339       -0.531475
0.458731       -0.460718
0.485456       -0.956783
0.520929       0.450169
0.2209       -0.636821
0.22635       -0.679075
0.457134       0.246942
0.515515       -0.538013
0.434465       -0.548462
0.646675       0.801327
0.272952       -0.392201
0.204188       -0.26806
0.498008       -0.741087
0.236567       0.659116
0.226394       0.0503756
0.279638       -0.706115
0.506614       -0.31641
0.367693       -0.548854
0.382868       -0.512473
0.490818       -0.947131
0.33133       0.443314
0.495133       0.761877
0.391839       -0.505323
0.388562       -0.386098
0.656075       -0.437371
0.28755       -0.180359
0.157221       0.0172521
0.533463       -0.676503
0.376003       -0.489445
0.209784       0.364641
0.347089       -0.550882
0.439501       0.131587
0.278862       0.20796
0.463116       0.89305
0.467295       0.813112
0.432584       0.895444
0.512514       -0.0497402
0.342296       0.254082
0.423506       -0.24051
0.564168       0.919835
0.451074       -0.886149
0.388987       -0.378986
0.181002       0.427599
0.554068       -0.519337
0.38587       0.684556
0.461133       0.850025
0.569295       0.220007
0.384047       0.196866
0.499518       -0.756404
0.335148       -0.792805
0.385926       -0.241913
0.233812       -0.292161
0.24898       0.223185
0.23361       -0.60251
0.615361       -0.960047
0.601707       0.804558
0.377297       0.632989
0.456316       0.533021
0.366099       -0.267285
0.378024       -0.0931354
0.453513       -0.81092
0.389233       -0.518959
0.644125       0.857768
0.532719       0.752875
0.353647       -0.376471
0.388014       -0.777026
0.391123       -0.766951
0.455486       0.396338
0.442964       -0.918738
0.289698       0.830611
0.378055       0.337156
0.508265       0.211741
0.320315       -0.366211
0.425165       -0.288687
0.289857       0.662281
0.381419       0.40925
0.448464       -0.377231
0.283529       -0.308743
0.547699       0.633561
0.647385       0.510564
0.460093       -0.808435
0.35509       -0.420304
0.490919       -0.915477
0.55863       -0.779526
0.362207       -0.719145
0.527163       -0.886445
0.480706       -0.902722
0.249728       -0.731225
0.423951       -0.706214
0.752294       0.438328
0.992504       0.927855
0.271091       -0.766263
0.390482       0.800713
0.476247       0.0930418
0.59449       -0.134222
0.486065       0.706507
0.339606       0.870902
0.612818       0.574418
0.475275       -0.358825
0.353439       -0.311036
0.438432       -0.866104
0.357561       0.733845
0.348676       0.338113
0.401691       -0.0583388
0.544399       -0.703489
0.337344       0.228841
0.262946       -0.600949
0.701937       -0.870804
0.323889       0.219594
0.648386       -0.963216
0.331294       0.308846
0.364264       0.201421
0.254693       0.559215
0.355495       0.368895
0.38918       -0.377134
0.49457       0.458277
0.494202       0.833884
0.321769       0.210282
0.55546       0.799366
0.235741       -0.457382
0.289767       -0.134189
0.241075       0.557711
0.351568       -0.293607
0.518051       -0.688773
0.322179       0.21
0.382321       0.239068
0.197003       -0.203174
0.311045       -0.0441047
0.307409       0.0952502
0.296673       -0.608335
0.416331       -0.907492
0.249855       -0.419645
0.46836       0.624391
0.373821       0.799369
0.409295       -0.436755
0.796372       0.713114
0.62095       -0.473152
0.169392       0.236482
0.391679       -0.522049
0.233833       -0.835633
0.379375       0.387409
0.298122       -0.195439
0.339545       0.666231
0.592637       -0.491691
0.219847       0.0506094
0.38024       -0.622266
0.7914       0.732361
0.435312       0.873196
0.622844       0.456856
0.401105       -0.851094
0.717384       -0.829719
0.441871       0.795979
0.45449       0.60933
0.259278       -0.118859
0.274188       0.724677
0.794109       -0.945849
0.437258       -0.620491
0.463153       0.82185
0.338346       0.389846
0.449604       -0.50133
0.443562       0.906227
0.429925       0.695953
0.537816       -0.610314
0.591614       0.752102
0.327596       -0.848338
0.489945       -0.581425
0.178204       0.137874
0.583434       0.286113
0.36129       0.591516
0.929277       -0.925755
0.338956       0.212803
0.214936       -0.245096
0.419049       0.818156
0.344489       -0.714919
0.524181       0.864893
0.460551       0.269016
0.613541       0.580674
0.309533       0.818617
0.416393       0.656985
0.439963       -0.894485
0.65728       0.0110443
0.623695       0.301125
0.325077       -0.216016
0.496638       -0.888946
0.38718       0.846921
0.371215       -0.701852
0.699974       -0.953735
0.428912       -0.280222
0.138243       -0.354259
0.257322       -0.229972
0.487924       0.84005
0.468909       -0.0757774
0.37248       0.778923
0.385962       -0.536524
0.352038       -0.0579486
0.641514       -0.62077
0.722875       0.834002
0.917624       -0.956506
0.773117       -0.0113661
0.420095       -0.00309513
0.648381       0.912954
0.395722       -0.583743
1.16763       -0.863121
0.59187       -0.780036
0.578955       -0.889021
0.426964       -0.384251
0.212865       -0.497293
0.626072       -0.930542
0.784746       0.968857
0.508235       -0.951259
0.401819       -0.778495
0.346862       0.370341
0.254989       -0.0991858
0.578033       0.440636
0.409075       -0.778315
0.46559       0.900558
0.369437       -0.176823
0.552872       -0.541132
0.363798       -0.542764
0.587711       -0.261998
0.571501       0.380182
0.292469       -0.828346
0.326765       0.397677
0.297674       -0.651919
0.561961       0.878695
0.182298       -0.180552
0.287858       -0.708964
0.651404       0.794812
0.416497       0.401757
0.173846       -0.835823
0.437239       -0.682976
0.313122       -0.405795
0.563476       -0.638896
0.732411       -0.19395
0.598336       0.439137
0.453078       0.671617
0.387226       -0.587512
0.236546       -0.401995
0.185253       -0.311426
0.492399       -0.453245
0.458598       0.115275
0.358977       0.411169
0.983217       -0.935155
0.485636       -0.625655
0.238883       0.405938
0.340683       0.697817
0.246603       -0.583464
0.58282       0.519745
0.297126       -0.645571
0.596515       0.691584
0.291291       -0.672204
0.376315       -0.218168
0.360182       0.569486
0.3729       -0.0967725
0.287025       0.523467
0.254979       0.528789
0.746918       0.64621
0.395123       -0.748798
0.174973       -0.0618001
0.582391       0.835352
0.393696       0.0720449
0.518765       0.714156
0.260724       -0.719056
0.443313       -0.920169
0.287248       -0.277192
0.477995       -0.955436
0.352232       -0.460171
0.308146       0.387155
0.306671       0.794881
0.537878       0.403095
0.579282       0.676178
0.53146       -0.739357
0.772963       -0.671647
0.41082       0.654896
0.377817       -0.463514
0.801973       -0.898899
1.01798       -0.869885
0.365755       -0.606447
0.148935       0.230794
0.309194       -0.420186
0.236587       0.0738829
0.865314       0.565271
0.601707       0.233912
0.288637       0.14602
0.492238       -0.904964
0.348386       -0.788524
0.227237       0.558909
0.394264       0.238659
0.700664       0.958816
0.330998       -0.892268
0.566994       0.873229
0.357123       0.943259
0.466155       0.582096
0.383854       -0.37881
0.329316       0.906188
0.180907       -0.242667
0.274966       0.0263629
0.342254       0.68488
0.470318       -0.810703
0.826756       0.923856
0.278193       0.574702
0.645876       -0.562272
0.692661       0.964527
0.407904       0.550347
0.259255       0.56994
0.501745       -0.862482
0.221555       -0.400098
0.565959       0.316579
0.43337       0.655416
0.146094       0.550774
0.225784       -0.776398
0.507657       0.620644
0.295364       -0.632706
0.429995       0.833786
0.418088       -0.516399
0.298562       0.166488
0.411687       0.567179
0.461302       -0.154511
0.549698       0.902387
0.23328       0.281927
0.262221       -0.917544
0.32881       0.614158
0.336286       -0.441277
0.357621       0.555465
0.44566       0.513153
0.418727       0.837332
0.265035       0.177493
0.324187       -0.299711
0.565169       0.858362
0.547248       0.294361
0.599759       -0.35465
0.591389       -0.731094
0.49532       0.166431
0.294727       0.660821
0.24115       0.550585
0.281707       -0.217294
0.388072       0.841013
0.275858       0.804316
0.407822       -0.644149
0.212155       0.304131
0.487977       0.0816719
0.195155       -0.379839
0.355366       0.624836
0.253475       -0.74739
0.435284       0.19957
0.527795       -0.651702
0.397495       -0.836415
0.375547       0.312253
0.392521       0.00295702
0.222681       0.378022
0.419289       -0.812225
0.914267       0.687907
0.502037       -0.791301
0.409139       -0.830083
0.519431       -0.97225
0.185537       -0.676113
0.196101       0.439051
0.823259       -0.907996
0.324131       0.791353
0.391465       0.504634
0.633621       -0.814691
0.905637       -0.947135
0.202767       -0.610667
0.230585       0.418472
0.424778       -0.48665
0.593036       0.885089
0.500341       -0.856269
0.358545       0.822592
0.546913       -0.874856
0.489623       -0.657969
0.554388       0.907421
0.195754       -0.071926
0.39158       -0.555515
0.431136       -0.820954
0.444701       0.71277
0.381461       -0.610658
0.338577       0.164729
0.453549       -0.679417
0.470745       0.0859191
0.557893       -0.796565
0.306017       -0.839315
0.585313       -0.852333
0.357605       -0.773008
0.480459       0.595899
0.487472       0.572892
0.45247       -0.619373
0.541699       0.193704
0.466135       -0.891524
0.346507       0.321371
0.410871       0.886029
0.217626       0.279901
0.243019       0.41444
0.215881       -0.464256
0.210843       0.380114
0.381965       -0.717381
0.124717       -0.0278966
0.508954       0.17856
0.503674       0.780267
0.308387       0.189532
0.327852       0.308793
0.491723       0.774477
0.296084       -0.765541
0.305044       -0.541358
0.755778       0.932401
0.174311       0.414665
0.374475       -0.154609
0.470236       -0.795173
0.236224       -0.245028
0.397965       0.482134
0.227568       -0.570482
0.349154       0.918711
0.276028       0.658388
0.235993       0.61928
0.504827       -0.876313
0.279442       -0.39948
0.423612       0.66133
0.413557       0.382762
0.312806       -0.337292
0.52675       -0.588554
0.420815       -0.447661
0.230138       0.280625
0.558687       -0.608923
1.12371       0.883504
0.375481       -0.19169
0.275248       -0.273763
0.578368       0.854947
0.42558       0.739837
0.20138       0.805293
0.434487       -0.950622
0.173304       0.0212351
0.494123       0.892749
0.478886       -0.474446
0.340555       -0.468358
0.409606       -0.777561
0.300599       -0.727052
0.247632       0.281461
0.949097       0.560788
0.5929       0.43185
0.356134       0.15881
0.268133       0.690225
0.26942       -0.101384
0.591632       -0.785532
0.373623       0.682439
0.42518       -0.493385
0.720215       0.928558
0.227462       0.683298
0.633534       0.855804
0.27116       -0.225278
0.743786       -0.749641
0.342272       0.474203
0.154641       -0.310244
0.241859       0.510677
0.42406       -0.737766
0.363096       -0.209304
0.212791       0.815053
0.248694       0.494728
0.355376       0.00819358
0.438384       -0.747653
0.376893       0.359583
0.449946       0.793717
0.366185       0.153023
0.483798       -0.244072
0.630167       0.683433
0.29412       -0.256267
0.859148       0.235625
0.438721       -0.865794
0.489396       -0.182337
0.208344       -0.576748
0.433211       0.73803
0.395429       0.889298
0.503079       0.62451
0.317139       -0.584621
0.421525       -0.412494
0.470435       -0.0845736
0.412521       -0.730464
0.462966       0.0241754
0.588367       -0.846445
0.365636       0.168879
0.412332       0.570208
1.06117       -0.846168
0.184342       -0.201685
0.295256       0.485187
0.20579       0.315564
0.169294       -0.517216
0.350669       -0.683459
0.290691       0.804242
0.354622       -0.0497483
0.684494       -0.918771
0.558876       -0.341564
0.66266       -0.905767
0.253467       0.772688
0.496478       -0.687445
0.632266       -0.862615
0.417367       -0.231512
0.413962       0.734726
0.635963       -0.656888
0.406637       0.617464
0.320929       0.127552
0.281806       -0.288545
0.465858       0.936991
0.374363       -0.771878
0.802203       0.887841
0.221866       -0.366446
0.68588       -0.545513
0.710966       0.908861
0.329253       0.360556
0.350205       -0.58846
0.206445       -0.176976
0.432307       -0.0690028
0.374403       -0.403962
0.349402       0.947454
0.505289       0.80982
0.565905       -0.867874
0.518117       -0.701284
0.540029       -0.256415
0.488048       0.876436
0.460501       0.871559
0.371535       -0.23878
0.261143       0.829083
0.400797       -0.533759
0.473782       0.746921
0.623669       0.651753
0.637333       0.838892
0.292164       -0.749858
0.426809       0.642854
0.23891       -0.629031
0.509596       -0.886525
0.391797       0.916314
0.434577       -0.625985
0.72568       -0.427806
0.555588       0.499824
0.319135       0.777245
0.48468       -0.840749
0.229871       0.125469
0.50278       0.248025
0.408483       0.791938
0.594612       0.864488
0.208353       0.632336
0.469906       0.506126
0.276535       -0.0485776
0.197971       -0.302414
0.280974       -0.191393
0.452612       0.929388
0.231583       -0.622148
0.356313       0.174172
0.68014       -0.0940904
0.968094       -0.600585
0.718796       0.922652
0.331996       0.503025
0.295254       -0.800595
0.605901       0.727247
0.620961       -0.575756
0.396337       0.692408
0.651656       -0.809126
0.203776       -0.542143
1.1253       0.775768
0.293028       0.862559
0.481096       -0.54461
0.359312       -0.506524
0.75928       -0.903359
0.345673       0.739373
0.333744       0.634947
0.833273       0.866366
0.352604       -0.54321
0.659776       -0.755511
0.306217       0.461203
0.590719       -0.543206
0.358104       -0.744801
0.289575       -0.648151
0.459916       -0.657451
0.550688       -0.228215
0.174262       -0.140209
0.4623       -0.888697
0.49793       0.505948
0.481932       -0.857972
0.270998       0.796944
0.648845       -0.751192
0.336063       0.69964
0.467866       -0.851872
0.460112       -0.592543
0.130068       0.631548
0.472372       0.399829
0.232551       0.511295
0.291319       -0.738212
0.254704       -0.686146
0.23876       -0.0903005
0.619023       0.594665
0.399498       -0.529307
0.794561       0.711331
0.358451       0.648775
0.40665       -0.622473
0.250587       -0.192236
0.248677       0.906143
0.32613       -0.465556
0.319326       -0.324354
0.312135       0.770009
0.390935       -0.864776
0.33755       -0.655201
0.343254       0.681582
0.33082       0.900321
0.599809       -0.273467
0.358795       0.442179
0.412226       -0.654939
0.659495       -0.780563
0.491612       0.104919
0.19344       0.217519
0.533996       0.866004
0.619729       0.612807
0.332272       -0.122116
0.409489       0.798178
0.334417       -0.746401
0.340226       0.624554
0.300273       -0.90475
0.418109       -0.627137
0.555195       -0.34171
0.381744       -0.465803
0.321072       -0.168401
0.476354       -0.525392
0.349691       0.440631
0.404579       0.48294
0.529296       0.487323
0.684018       -0.351293
0.346744       -0.443517
0.393351       0.575879
0.651747       0.619482
0.194582       0.076348
0.306884       0.407688
0.867382       0.922653
0.581489       -0.849836
0.600889       0.553498
0.711759       -0.20169
0.454368       -0.745712
0.578061       0.662162
0.713962       0.84878
0.675785       -0.632326
0.214864       -0.508625
0.397516       0.564983
0.494205       -0.617834
0.606685       0.664667
0.215234       0.588787
0.239952       0.00713788
0.47001       0.546604
0.530758       0.511728
0.564382       -0.669742
0.86513       -0.445202
0.581062       -0.687227
0.276365       -0.577726
0.446905       -0.887424
0.68005       -0.851937
0.410018       -0.803008
0.494384       -0.537655
0.456643       0.415403
0.333201       -0.14521
0.469471       -0.528129
0.295959       -0.740556
0.452711       -0.248429
0.407326       -0.824912
0.429304       -0.873104
0.344149       0.770378
0.486745       0.907039
0.292953       -0.540002
0.309969       -0.12258
0.398569       -0.876734
0.502978       0.696818
0.473611       0.849241
0.420476       -0.0108114
0.253648       0.826461
0.530681       -0.891641
0.274878       0.261639
0.451103       0.469978
0.322714       -0.575631
0.520857       -0.44362
0.191628       0.621467
0.675678       -0.932447
0.518154       -0.14446
0.546765       0.725394
0.356157       0.564667
0.516119       0.046411
0.349402       -0.801826
0.199448       0.436117
0.519274       -0.551373
1.04532       0.794903
0.58572       -0.881645
0.725803       -0.789764
0.475468       -0.510857
0.492764       0.863176
0.340912       0.605236
0.360341       -0.777694
0.417523       -0.0700596
0.445734       0.651508
0.575369       -0.823088
0.375857       0.583984
0.469277       0.112861
0.668684       -0.231865
0.197042       -0.181714
0.490733       0.160779
0.285448       -0.622709
0.731529       0.435264
0.289687       -0.184128
0.615969       -0.870356
0.525689       0.730154
0.7588       0.8049
0.24705       0.533825
0.300653       0.447824
0.468288       -0.748064
0.320785       -0.248711
0.258467       0.765068
0.352555       -0.414436
0.437407       -0.71898
0.152159       -0.502358
0.215432       0.0787939
0.565016       0.509249
0.453624       0.856685
0.492093       -0.123006
0.438919       0.26093
0.392784       0.7595
0.392451       0.625278
0.388926       -0.968858
0.24419       -0.0712765
0.626661       -0.904839
0.31561       0.802166
0.893628       0.92092
0.535143       0.555877
0.797884       0.630343
0.390573       0.535498
0.362287       -0.699448
0.265244       -0.412088
0.370026       -0.432847
0.600467       0.00392781
0.340474       0.624651
0.53006       0.717252
0.302115       -0.826571
0.540649       0.902164
0.432183       -0.014919
0.642027       0.232363
0.255222       -0.402006
0.444904       -0.335376
0.734814       0.824389
0.539301       -0.875839
0.519991       -0.836155
0.784414       0.619928
0.20129       -0.260959
0.338243       -0.737633
0.381011       0.690068
0.328848       0.807657
0.245529       0.39402
0.213579       -0.417382
0.360558       0.681778
0.268346       -0.186005
0.55304       -0.877789
0.221888       0.253842
0.352411       0.422629
0.540093       -0.567248
0.392451       -0.75353
0.546903       0.923834
0.574209       -0.518503
0.492806       -0.535089
0.453602       -0.193535
0.446434       -0.557806
0.317597       -0.747167
0.526983       -0.882132
0.358456       0.798736
0.486682       0.784912
0.299691       -0.640286
0.310903       0.944064
0.597164       0.384999
0.357233       0.250635
0.280844       0.447895
0.375387       0.0606677
0.815438       -0.769441
0.340445       -0.845116
0.433634       0.691785
0.586981       0.686127
0.519308       0.914972
0.478008       -0.851348
0.623241       0.897149
0.654175       -0.383686
0.218004       0.503671
0.409544       -0.168354
0.314262       0.614355
0.280131       -0.6808
0.521285       -0.726475
0.621329       -0.939054
0.340764       0.691622
0.273819       -0.323975
0.491917       0.630263
0.293678       0.661902
0.307979       -0.507902
0.315375       -0.544987
0.279661       0.860809
0.759548       0.915283
0.486689       -0.818406
0.580139       0.90081
0.489055       -0.378846
0.5658       0.243866
0.541601       -0.195831
0.608693       0.799238
0.456924       0.603297
0.223472       -0.223688
0.306009       0.627602
0.41055       0.335077
0.248126       -0.707171
0.220138       0.308384
1.00463       0.737344
0.321525       -0.807493
0.543484       -0.634779
0.410169       0.810106
0.334836       0.772914
0.384414       -0.65279
0.550318       -0.184116
0.434984       0.784214
0.526084       -0.609167
0.276719       -0.537939
0.486709       -0.850999
0.598582       0.38302
0.535903       -0.659001
0.25312       -0.242917
0.340403       -0.40342
0.387471       -0.907277
0.352443       -0.249889
0.201253       0.0540501
0.484758       0.903259
0.364607       -0.889905
0.255738       -0.285643
0.487311       -0.11091
0.429268       -0.562486
0.571078       0.832334
0.90778       -0.0656135
0.281438       -0.279286
0.654414       0.842762
0.455314       -0.263516
0.623879       0.848457
0.493787       0.756785
0.380895       -0.644453
0.215608       -0.14747
0.468788       -0.419332
0.468669       -0.721604
0.492272       0.368738
0.529148       -0.707005
0.438295       0.525833
0.804713       0.889638
0.498598       -0.0493161
0.222993       0.732431
0.381219       -0.819538
0.329787       0.103242
0.213373       0.759407
0.370142       0.0570206
0.224693       0.391328
0.424896       -0.055005
0.379231       -0.761777
0.194079       -0.174271
0.470769       -0.579314
0.72532       -0.252231
0.274672       0.00306522
0.51519       -0.873977
0.303665       -0.162596
0.204302       0.104817
0.445058       -0.891776
0.555521       0.769051
0.539878       -0.759399
0.609308       0.822525
0.312784       0.881365
0.314155       0.693204
0.672134       0.611583
0.243184       0.198009
0.743688       -0.678713
0.583727       -0.819328
0.437123       -0.797841
0.261996       0.42262
0.332374       -0.290227
0.394505       0.782709
0.380084       -0.805278
0.226924       0.287866
0.606546       -0.967081
0.459908       -0.764716
0.264536       0.699749
0.32236       0.729449
0.339773       -0.180585
0.365872       -0.905884
0.387365       0.943923
0.184003       0.33992
0.618279       0.134942
0.274236       0.0412236
0.32334       0.491222
0.637716       0.695695
0.670795       -0.941967
0.874913       -0.786171
0.402308       -0.485753
0.465316       0.0420309
0.32062       -0.734254
0.300572       -0.044246
0.816651       0.2305
0.277278       -0.25724
0.507685       0.465568
0.324401       -0.342248
0.612402       -0.841357
0.721113       0.782271
0.218892       0.669028
0.684487       -0.469884
0.404183       -0.361792
0.138605       0.57592
0.495525       -0.936209
0.608988       0.601285
0.641334       0.782004
1.05667       0.950415
0.331878       -0.110787
0.363229       0.713281
0.441024       0.0576341
0.275018       -0.760126
0.458464       0.269792
0.369951       -0.285127
0.510695       0.936371
0.484883       -0.555861
0.17481       -0.0384718
0.272557       0.635972
0.660566       0.51102
0.404581       0.394003
0.343973       0.821531
0.734898       -0.963931
0.394055       -0.317232
0.430612       -0.53939
0.367087       -0.799432
0.37572       -0.396509
0.781734       -0.771118
0.203211       -0.524954
0.409658       0.884947
0.72983       0.865586
0.289252       -0.847091
0.638928       0.883511
0.34712       0.83222
0.708324       0.458256
0.50581       -0.945841
0.767827       0.921081
0.697286       0.824519
0.222813       0.0141812
0.88803       -0.840915
0.542439       0.74457
0.333853       -0.336726
0.351703       -0.152229
0.468916       0.747624
0.430629       -0.663763
0.269961       -0.284676
0.317574       0.415093
0.597147       0.903726
0.418236       -0.0372479
0.748088       0.890648
0.452997       -0.584388
0.244585       0.301192
0.72159       -0.765199
0.690744       0.808292
0.294054       -0.372678
0.781319       -0.946151
0.3456       -0.252272
0.316231       0.453863
0.558494       0.94213
0.588822       0.250898
0.33373       -0.493474
0.223767       -0.538485
0.44886       -0.902561
0.546332       0.745379
0.351648       -0.548125
0.389931       -0.822886
0.231595       0.177956
0.524042       0.792558
0.339555       0.775498
0.444295       -0.334177
0.37458       -0.911609
0.532471       -0.843138
0.348397       0.60759
0.224579       0.387863
0.459022       0.780038
0.299739       0.542068
0.46528       0.304252
0.809417       0.507375
0.479198       -0.210632
0.34423       -0.650712
0.295583       -0.547194
0.1984       -0.37389
0.133672       0.0907672
0.317251       -0.332744
0.417864       -0.744574
0.205503       -0.551098
0.4651       -0.943286
0.380938       -0.176841
0.466763       -0.20511
0.337589       -0.809854
0.577768       -0.669778
0.307897       0.361544
0.326051       -0.381824
0.678522       -0.94045
0.354579       -0.444276
0.554829       0.662809
0.29079       0.477027
0.346898       0.506674
0.389334       -0.674848
0.199841       -0.0164852
0.534918       -0.454992
0.198922       0.0604392
0.516284       0.134949
0.425771       0.413764
0.485045       0.476961
0.686092       0.76434
0.54311       -0.733659
0.278782       0.756889
0.927015       0.523856
0.895085       0.425435
0.413584       0.168115
0.548973       0.795283
0.363411       0.458344
0.229057       0.157279
0.355728       -0.147607
0.358638       -0.716969
0.308634       -0.478405
0.261233       -0.799476
0.373749       0.0236499
0.438492       -0.00537196
0.813714       0.701346
1.11454       -0.743005
0.344518       -0.527577
0.566602       -0.630264
0.335407       -0.433649
0.589591       0.0421146
0.919097       -0.327195
0.193193       -0.311946
0.290052       0.81203
0.509783       -0.765733
0.416773       0.329949
0.14414       -0.118875
0.702042       0.866855
0.378014       0.213539
0.476817       0.871947
0.315344       0.161843
0.789559       0.478262
0.478554       -0.790294
0.421209       -0.917285
0.488706       0.577537
0.843368       -0.84958
0.22462       -0.548074
0.170279       0.270545
0.346275       0.568729
0.106229       0.109471
0.657994       0.213803
0.497311       -0.460322
0.26682       0.424287
0.474248       0.696917
0.671816       -0.799864
0.386509       -0.585078
0.723606       -0.972334
0.644043       -0.81411
0.794616       0.883503
0.613928       -0.889412
0.276063       -0.528237
0.338951       -0.230331
0.34895       -0.519619
0.397714       0.547203
0.374488       0.691977
0.519       0.674845
0.989191       0.953133
0.615749       -0.81817
0.278537       0.102316
0.275626       0.364478
0.55654       0.621226
0.290259       0.871877
0.492989       0.782155
0.474822       0.511622
0.414734       0.148276
0.732638       0.948852
0.348515       0.847252
0.495379       -0.480971
0.80241       0.944141
0.410984       0.864006
0.326775       -0.861533
0.45315       0.623229
0.387024       -0.193497
0.530012       0.750322
0.304137       0.623984
0.430523       -0.746874
0.376695       -0.805105
0.447443       -0.0794304
0.585117       -0.729049
0.373963       0.849452
0.740779       -0.3899
0.277994       -0.140869
0.336065       -0.63794
0.394354       0.763099
0.26034       -0.0163287
0.39084       0.247905
0.534367       0.780418
0.710061       0.880024
0.273821       0.428641
0.495939       -0.744252
0.239933       -0.14942
0.307301       0.71836
0.696237       -0.523804
0.543875       -0.929205
0.30437       -0.759702
0.403892       -0.465042
0.351775       -0.579193
0.664122       -0.801616
0.233514       -0.099024
0.206628       -0.623921
0.494909       0.326126
0.485639       -0.507055
0.420132       0.851024
0.423156       0.316457
0.332764       -0.374806
0.332004       0.436935
0.45697       0.821702
0.742028       0.814725
0.38759       0.163327
0.156072       0.389176
0.251066       0.317208
0.230946       -0.0865686
0.283703       -0.847345
0.66764       0.83825
0.284351       -0.154734
0.379199       -0.468581
0.840131       0.0104774
0.669509       0.925434
0.41691       -0.795113
0.334839       -0.450495
0.412581       -0.76954
0.44673       0.779658
0.360093       -0.51165
0.466986       -0.614461
0.194716       -0.423548
0.321513       0.312802
0.348027       0.440915
0.529027       0.82
0.312821       -0.405621
0.338142       0.883884
0.184271       -0.117043
0.344548       0.309455
0.536279       -0.64877
0.38626       0.0343267
0.905465       -0.947423
0.510727       -0.844653
0.496906       0.585251
0.282271       0.481307
0.450503       -0.398532
0.694706       -0.878621
0.502231       -0.70819
0.271621       -0.79709
0.655043       -0.735823
0.35209       -0.239069
0.31851       0.0814431
0.567101       0.460279
0.364513       0.869319
0.327402       -0.231911
0.249211       -0.619834
0.47795       0.888174
0.468381       -0.338324
0.485658       -0.295548
0.292846       -0.361205
0.299865       -0.730669
0.63716       0.892191
0.337769       0.021468
0.408107       0.535839
0.34414       0.453232
0.279466       0.145954
0.582055       0.353036
0.543545       -0.820231
0.394733       0.772623
0.354337       0.679885
0.261261       -0.156353
0.320957       0.877534
0.450229       0.578416
0.178658       0.447739
0.558108       0.452243
0.298472       -0.846933
0.347804       -0.572437
0.419411       0.169233
0.537333       -0.132246
0.329755       0.572294
0.432119       -0.843238
0.513808       0.13496
0.568241       0.558512
0.264167       0.699739
0.559069       -0.802308
0.264338       0.582819
0.505694       -0.0243047
0.504697       0.779153
0.507664       0.838937
0.263637       -0.324431
0.54504       0.917925
0.393676       0.26494
0.54767       0.938964
0.43327       -0.919372
0.186349       -0.137169
0.220494       0.641193
0.439502       -0.203892
0.272419       -0.531689
0.537749       -0.304797
0.638934       -0.94141
0.430241       -0.190592
0.491411       -0.886355
0.227352       0.376083
0.301618       -0.0275458
0.38348       0.60344
0.684018       -0.946299
0.581595       -0.215353
0.182766       0.783164
0.317519       0.329344
0.578203       0.707712
0.609877       0.805293
0.389118       0.78999
0.781382       0.806094
0.379626       -0.613034
0.639634       -0.739405
0.317384       0.637912
0.33588       -0.87037
0.477019       0.920159
0.382648       -0.636337
0.366421       -0.780823
0.540924       0.431132
0.737599       0.634233
0.937475       0.892159
0.28782       0.891854
0.493409       -0.796809
0.826347       0.961078
0.702674       -0.399877
0.297151       -0.650503
0.604319       0.471978
0.524305       0.786545
0.274931       0.402587
0.957331       0.948303
0.199185       -0.329221
0.223202       -0.617701
0.17732       0.736049
0.541214       0.678946
0.560864       0.896212
0.398853       -0.0797741
0.525702       0.649108
0.477878       -0.819864
0.46073       -0.15234
0.493384       -0.717067
0.518942       -0.490139
0.650633       0.822494
0.364211       -0.375172
0.310558       -0.269963
0.273223       -0.0433727
0.171295       0.49199
0.322887       0.520722
0.351128       0.376001
0.680356       -0.724721
0.805804       0.606952
0.357441       -0.464656
0.496302       0.792696
0.368603       0.845417
0.660056       -0.48131
0.264012       -0.758786
0.780308       0.217658
0.235604       0.0684368
0.387564       -0.519866
0.377125       0.257231
0.360154       -0.0122039
0.575925       -0.148344
0.638257       0.815852
0.345158       -0.795205
0.671336       0.974511
0.480017       0.827703
0.197439       0.127146
0.248548       -0.664041
0.393268       -0.314809
0.580309       0.722943
0.247298       0.746644
0.560217       0.866582
0.375619       0.744754
0.331105       -0.19307
0.407107       -0.591974
0.483414       0.544797
0.27607       0.864356
0.279286       -0.647442
0.30559       0.0835605
0.320282       -0.920714
0.931606       -0.924117
0.607199       0.699432
0.365732       -0.0420233
0.531771       0.970927
0.515762       -0.897694
0.195669       0.0542795
0.334488       0.426086
0.324804       -0.888018
0.300956       -0.230584
0.546644       0.887941
0.431973       0.549215
0.430179       0.175017
0.247943       -0.714168
0.415789       -0.663785
0.324097       0.46543
0.475762       0.338405
0.827591       0.748332
0.320938       0.0372447
0.250208       0.426459
0.540221       0.856224
0.368127       0.40223
0.280031       0.723709
0.534753       0.686471
0.498801       -0.883672
0.334127       -0.458446
0.784264       -0.927636
0.435054       -0.741431
0.314509       -0.423923
0.391725       -0.532738
0.663277       -0.346645
0.418246       0.587395
0.285865       0.740018
0.645449       -0.955259
0.473526       0.144318
0.500728       -0.108424
0.241237       0.693533
0.360319       0.113714
0.499474       0.668034
0.360734       0.460934
0.503927       -0.739912
0.587485       0.849637
0.408931       -0.540006
0.37525       0.83819
0.499708       0.901612
0.537903       -0.774994
0.990066       0.871126
0.704408       -0.442227
0.42295       0.809814
0.343152       0.613065
0.522348       -0.685196
0.234503       -0.274378
0.335908       0.121497
0.456573       0.507987
0.591799       0.124508
0.373133       -0.218275
0.320265       -0.508699
0.413256       -0.220927
1       1
