0.84018       0.969913
0.832079       0.986453
0.943008       0.966895
1.11526       0.92641
1.15429       0.927085
1.41706       0.673617
0.8201       0.928933
1.28215       0.97395
1.061       0.886468
1.21712       0.982942
0.876551       0.799817
1.35261       0.92013
1.01976       0.97261
0.881533       0.927884
0.961554       0.843766
0.99443       0.952039
0.799565       0.976953
1.13259       0.979661
0.995443       0.879415
1.32503       0.93774
1.06162       0.963696
1.23432       0.879136
1.24115       0.989964
0.86049       0.604203
1.15389       0.974014
0.795188       0.966146
1.37285       0.940498
0.966631       0.942479
0.863886       0.916943
1.66678       0.976654
0.727001       0.949618
1.10643       0.939329
1.24903       0.950939
1.11902       0.923279
0.881322       0.892733
0.767244       0.773029
1.22605       0.92501
0.739462       0.8983
1.11969       0.974158
1.49936       0.868611
0.857212       0.935935
0.90026       0.805044
0.700256       0.947131
1.05877       0.691922
0.991639       0.958763
1.0842       0.973328
1.10084       0.965615
0.989943       0.986179
1.19056       0.956246
1.62791       0.929036
1.47717       0.857068
0.993132       0.617875
1.19869       0.952221
1.20059       0.948266
2.05907       0.988354
0.75955       0.973119
0.638124       0.8924
1.16025       0.95058
1.31508       0.903155
1.12339       0.971218
1.60066       0.931896
0.797453       0.903929
1.09184       0.932805
0.663911       0.97752
0.68612       0.875544
0.836631       0.900134
0.940248       0.702915
1.22074       0.97548
0.921034       0.979634
0.920604       0.960224
1.22029       0.964663
0.867246       0.970636
1.57762       0.956736
0.879264       0.904361
1.36954       0.985313
0.758608       0.925821
1.21248       0.967278
0.962876       0.913157
0.92426       0.978597
0.855784       0.913107
1.28294       0.965671
0.903396       0.925721
0.80476       0.90092
1.42568       0.954651
1.04248       0.900786
1.04722       0.947606
1.06201       0.966021
1.06337       0.882131
1.19921       0.867766
0.757069       0.950337
1.1165       0.944968
1.19636       0.984763
1.24981       0.930019
1.30074       0.937978
1.28651       0.968444
1.01591       0.96619
1.52899       0.962353
0.923372       0.931736
0.871023       0.70794
1.25266       0.986838
0.79753       0.889925
1.26401       0.977104
1.1396       0.973072
1.04682       0.974469
0.9921       0.883502
0.926609       0.950507
1.41086       0.954201
1.86271       0.979431
1.1556       0.875984
0.788333       0.892583
1.0424       0.981955
0.743081       0.78755
0.860772       0.953026
1.34787       0.992534
1.1201       0.952793
1.40013       0.884128
0.969902       0.931986
1.12278       0.797994
1.28917       0.963868
1.22252       0.787032
1.53414       0.968636
0.968427       0.976146
1.06177       0.935548
1.31197       0.743732
1.3167       0.992052
1.55774       0.825774
1.3812       0.970809
0.937775       0.820311
0.828393       0.592985
1.05631       0.68433
1.41215       0.961212
1.12185       0.970972
1.12494       0.963711
0.748548       0.972192
1.50405       0.977465
0.977136       0.975027
0.849765       0.730218
0.952935       0.957153
1.01376       0.921599
1.64139       0.951862
1.52428       0.966618
0.950915       0.950547
1.02089       0.959596
1.03877       0.983281
1.14193       0.940107
1.4175       0.978142
1.29698       0.979669
1.03072       0.964933
1.40213       0.94102
1.4454       0.980245
1.45243       0.971704
0.751139       0.808788
1.15089       0.937866
0.848534       0.922332
0.734116       0.937341
0.884629       0.9361
0.99181       0.849852
1.28241       0.994015
1.04861       0.908118
1.08274       0.83134
0.696837       0.894962
1.0442       0.864325
1.48967       0.97407
0.6409       0.830844
1.29448       0.943872
0.735197       0.939412
1.05891       0.902202
0.873107       0.912144
0.744599       0.935279
1.3861       0.901467
1.65495       0.980687
0.784379       0.950316
1.32842       0.889026
1.23893       0.956321
0.777688       0.934856
1.24972       0.963038
1.31792       0.935897
1.10645       0.756599
0.932133       0.977671
0.823589       0.883786
1.205       0.904157
1.20796       0.940781
1.03893       0.900496
0.621312       0.642581
0.821368       0.981064
1.95226       0.945024
1.24957       0.980684
1.3213       0.983566
1.28775       0.957155
1.25272       0.933948
0.963393       0.979897
1.17757       0.965358
0.976268       0.862578
0.669254       0.840779
0.946475       0.978065
1.44331       0.914633
1.29766       0.898706
1.49922       0.972857
1.37195       0.941323
1.17491       0.967009
1.5027       0.960803
1.18685       0.943983
1.11065       0.981513
0.999018       0.969818
1.31359       0.952296
1.24459       0.963402
1.0518       0.917242
1.2564       0.862794
1.07995       0.980945
1.15641       0.986607
1.01675       0.94043
1.43765       0.915186
1.04201       0.929728
1.42489       0.968013
1.2526       0.929072
0.641287       0.565521
1.32742       0.940653
1.00546       0.989365
1.27548       0.911774
1.24813       0.953185
0.977492       0.798391
1.14265       0.885977
0.837419       0.967277
1.14118       0.959848
1.17923       0.961188
0.829732       0.918178
0.791909       0.935338
1.50565       0.978926
1.17153       0.959306
1.08068       0.955903
0.945551       0.957138
0.55361       0.902954
0.927654       0.829778
1.17594       0.957451
0.879401       0.916748
1.27546       0.940057
1.29668       0.967959
1.22324       0.921938
0.976882       0.967604
0.745745       0.893295
0.609778       0.911143
0.979281       0.934828
1.40784       0.937934
1.4395       0.977212
1.518       0.970412
0.911307       0.963154
1.25398       0.895119
1.31007       0.950094
1.75146       0.840747
1.71748       0.970224
0.952919       0.975684
1.35578       0.9869
1.05119       0.838198
1.12346       0.962134
1.76485       0.967651
1.40678       0.98168
0.997132       0.94769
1.20473       0.952292
1.2309       0.961356
1.82218       0.978843
1.21285       0.957419
0.987174       0.878291
1.36722       0.974734
0.932177       0.976044
0.418172       0.678238
1.3056       0.97656
1.5408       0.981493
1.29922       0.941925
1.47657       0.963704
1.07742       0.930193
1.28214       0.987977
1.1578       0.959341
0.852542       0.88764
1.11656       0.955341
1.37844       0.952805
1.00133       0.955595
1.31756       0.916963
1.16849       0.884746
1.11838       0.810686
0.693434       0.982401
0.982626       0.97343
1.01575       0.966968
0.689782       0.930499
1.46966       0.967355
1.0016       0.966308
1.38708       0.981355
0.770277       0.922494
0.980462       0.977829
0.993309       0.930157
0.967371       0.957814
1.20904       0.965432
0.798195       0.984581
1.89565       0.96875
1.27138       0.897035
0.889046       0.848794
1.1392       0.886681
1.05942       0.986893
1.29287       0.976497
1.25021       0.915741
1.2939       0.83939
1.37505       0.976085
0.862986       0.971678
1.4129       0.938353
1.00231       0.940214
1.07995       0.941503
0.966126       0.92581
0.903284       0.861404
1.30144       0.975663
0.962274       0.616993
1.00195       0.97724
0.835165       0.906014
1.09459       0.901577
1.20037       0.981333
1.33262       0.953049
1.47809       0.955267
1.00807       0.952369
1.75897       0.956717
1.17968       0.951388
1.3259       0.990716
0.87623       0.951412
1.25862       0.921152
1.23227       0.913069
1.38184       0.953132
0.965436       0.830094
0.947062       0.852507
1.27369       0.96612
1.07861       0.831799
1.15515       0.950258
1.26276       0.932376
1.38017       0.970191
1.11435       0.977603
0.689255       0.60777
0.795915       0.925016
1.19377       0.968689
1.65466       0.931395
1.41434       0.908233
0.928326       0.819353
1.36246       0.942019
0.947478       0.68087
0.654383       0.939533
1.18812       0.925298
1.04727       0.900198
1.6812       0.948487
1.21695       0.921138
0.714747       0.887366
0.810114       0.976462
1.21645       0.849173
0.925611       0.958044
1.18782       0.974649
1.23856       0.895086
1.31401       0.94576
1.2767       0.987166
0.807447       0.922659
1.1368       0.955006
1.4067       0.937646
0.947034       0.985269
1.07295       0.919165
1.22359       0.975772
1.24362       0.963968
1.21621       0.973914
0.763509       0.876638
0.686066       0.801534
0.976252       0.845317
1.06042       0.879554
1.25398       0.776138
1.11593       0.987092
1.17713       0.956763
0.906452       0.947815
0.966519       0.959561
1.0087       0.939607
0.644823       0.896235
1.72101       0.945652
1.32975       0.97205
1.39588       0.975123
1.07956       0.70766
1.27399       0.880459
1.08811       0.992508
0.926158       0.942066
1.30756       0.972647
1.74423       0.971361
0.959784       0.941684
1.02383       0.987109
0.901499       0.98739
1.06394       0.953178
0.997903       0.958605
1.06548       0.962947
1.12653       0.971056
1.62285       0.941923
1.26996       0.830672
0.832532       0.929005
0.586042       0.901352
0.91166       0.927783
0.868729       0.931733
1.4946       0.945575
1.17423       0.964552
0.674915       0.947354
0.948258       0.974386
1.23235       0.90975
0.950704       0.939482
1.30778       0.839882
0.937461       0.829969
0.863582       0.932391
1.25264       0.966413
0.855894       0.889373
1.07907       0.890552
0.945796       0.948944
1.35814       0.950826
0.928557       0.812829
1.4933       0.928115
0.783809       0.951321
0.885857       0.94114
1.19475       0.951003
1.04436       0.967489
1.0813       0.987665
0.710441       0.862768
1.30637       0.931635
1.32797       0.931311
1.07908       0.979499
1.65631       0.976375
0.86106       0.946497
1.80882       0.977965
1.17365       0.940463
0.925153       0.96856
0.994972       0.945327
1.87822       0.95468
0.956686       0.950226
1.46388       0.968945
1.54724       0.976207
0.860358       0.845389
0.774419       0.973313
0.755992       0.84234
1.08129       0.872291
0.52343       0.719811
0.92013       0.909517
1.06259       0.969897
0.692124       0.848963
1.29272       0.948513
1.44588       0.963028
1.11353       0.986966
1.24559       0.9757
1.50501       0.986808
0.679715       0.904497
1.33551       0.975
0.807628       0.906119
1.13424       0.962652
0.87791       0.979124
1.86057       0.960544
0.893322       0.796348
1.10839       0.921309
1.4292       0.94597
0.820561       0.495303
1.02794       0.952103
1.25117       0.961457
1.10591       0.96602
1.16764       0.93931
1.29655       0.902468
1.02064       0.960058
1.11084       0.894247
1.43008       0.905825
1.51202       0.992841
1.0187       0.97701
1.2142       0.939138
0.81586       0.964997
1.1154       0.988611
1.37615       0.937411
1.22445       0.922918
1.25429       0.992782
1.14652       0.955612
1.07907       0.990172
0.90421       0.978925
1.48933       0.920005
1.23371       0.851308
1.0727       0.872393
0.700498       0.915013
0.975496       0.879655
1.36516       0.903642
1.48563       0.974464
0.677953       0.91937
1.07332       0.894012
1.1616       0.916311
0.702155       0.726387
0.773993       0.829813
1.32833       0.889423
1.08895       0.992464
1.05693       0.858585
0.899205       0.906559
0.809188       0.989102
1.32526       0.926644
1.05777       0.881924
1.56144       0.986493
1.45305       0.974878
1.14175       0.966775
1.27261       0.965137
1.70368       0.989611
1.14409       0.941137
1.26162       0.975748
1.0661       0.949121
1.61595       0.873096
1.43781       0.951888
1.23077       0.676899
1.81032       0.963549
1.47255       0.781803
1.15753       0.968978
0.858352       0.980403
1.26125       0.981972
0.959996       0.890096
1.21244       0.98171
1.51677       0.963375
1.28989       0.907748
0.979513       0.985213
1.33062       0.963126
0.751188       0.674504
0.887315       0.957406
1.14535       0.962539
1.52844       0.94054
1.42243       0.968182
1.3091       0.939016
1.13149       0.935266
1.37093       0.969034
1.33       0.931424
1.20435       0.992818
0.844476       0.836169
1.04558       0.923949
1.05535       0.881537
1.0302       0.906902
1.22936       0.973908
0.994358       0.862146
1.06894       0.913227
1.4181       0.987372
0.797567       0.881696
1.19337       0.937796
0.841502       0.789288
1.31152       0.966303
1.4384       0.919276
0.825829       0.880222
0.64966       0.919954
1.38296       0.908632
0.922702       0.701944
0.777357       0.923032
0.900293       0.986499
1.1854       0.92779
0.852666       0.833304
1.04633       0.971355
1.08226       0.947652
0.991621       0.955446
1.12396       0.925243
1.19717       0.962396
0.861831       0.966922
1.15432       0.946555
1.08104       0.982209
0.956733       0.91499
1.37146       0.922134
0.792342       0.970901
1.11151       0.942629
1.29594       0.932486
1.19037       0.980101
0.623093       0.725938
0.764418       0.685078
1.13438       0.961656
1.01423       0.978921
1.52463       0.953709
0.680625       0.934359
1.1934       0.976269
1.15159       0.90766
1.15786       0.887676
0.737593       0.923193
1.0438       0.860127
1.50592       0.97583
1.45672       0.908363
0.875132       0.983507
0.87797       0.959236
1.14763       0.901795
0.76242       0.959001
1.01265       0.979597
0.932156       0.842437
1.27932       0.95162
1.31634       0.973492
1.44378       0.812664
0.93755       0.920005
1.16406       0.960955
1.17809       0.934132
1.13959       0.850093
1.36407       0.881877
0.713479       0.946946
1.04182       0.91283
1.48345       0.942378
0.612505       0.934666
1.07736       0.977583
1.40551       0.902518
1.3319       0.955617
1.64237       0.979861
1.42203       0.972361
0.961163       0.864218
1.33431       0.916497
1.32052       0.985516
0.797764       0.956442
1.16683       0.879462
1.16972       0.974011
1.30601       0.928607
0.767053       0.960158
1.33766       0.949051
0.941007       0.991136
1.05742       0.925608
1.18671       0.960305
1.15088       0.942843
0.83833       0.282323
1.0669       0.885005
1.23889       0.969591
1.15674       0.865298
1.25662       0.92503
1.61934       0.966186
1.36893       0.980433
0.553226       0.817069
0.734435       0.970276
0.749761       0.943256
0.746308       0.778037
1.17306       0.826537
1.01651       0.913533
1.52582       0.940018
1.67317       0.946795
1.02801       0.942218
1.22128       0.976692
1.20623       0.969666
1.28435       0.934967
1.35013       0.958343
1.61163       0.939633
1.03236       0.911511
1.48171       0.974647
1.37481       0.774822
0.775938       0.845013
1.34822       0.981216
1.17466       0.981786
1.02403       0.971982
1.26089       0.896082
1.12041       0.947323
1.03343       0.906037
1.02664       0.915619
1.1631       0.942211
1.16979       0.953911
1.1358       0.86944
1.55778       0.900712
0.781461       0.916147
0.912813       0.98097
1.22139       0.97493
1.12585       0.94295
1.13214       0.901368
0.900001       0.981025
0.995225       0.937562
1.73585       0.968273
1.14536       0.932915
0.794177       0.915978
1.53419       0.961351
0.832552       0.853883
1.49747       0.981129
0.777383       0.542957
1.44413       0.971618
0.765944       0.870758
0.983961       0.904432
1.24542       0.949375
0.803215       0.894415
0.784271       0.956661
1.25508       0.961668
1.3564       0.959663
0.959458       0.984492
1.1431       0.867501
1.40706       0.993407
0.530393       0.91926
0.975859       0.991653
1.08009       0.876087
1.39816       0.971328
1.39334       0.966564
0.790059       0.966896
1.45463       0.967062
0.715661       0.851498
1.02634       0.836962
1.14532       0.933625
1.03968       0.939649
1.43241       0.933124
1.0954       0.954682
1.28038       0.946216
1.26129       0.95409
1.32337       0.858305
1.22401       0.953525
1.46721       0.96738
0.95256       0.964855
1.52159       0.970916
1.59854       0.966562
1.14292       0.961569
1.47129       0.979379
0.789553       0.772552
0.806649       0.968332
0.911796       0.985395
0.989137       0.931052
1.48337       0.955126
0.943444       0.942153
1.28618       0.960052
1.48795       0.958585
0.946478       0.95641
1.16212       0.985664
1.3523       0.943655
0.71369       0.983158
1.17246       0.883093
0.882158       0.909548
0.621577       0.969417
1.0727       0.92648
1.16806       0.953561
0.852528       0.618049
1.13772       0.913582
1.0868       0.961447
1.45713       0.969252
1.59256       0.976679
1.32214       0.951947
1.11932       0.938154
1.43642       0.957765
1.50391       0.987458
1.43904       0.845352
1.27441       0.947167
0.978134       0.957112
1.12211       0.977338
0.88856       0.86666
1.11708       0.970174
1.39822       0.961118
0.974478       0.821616
1.59221       0.936808
1.37733       0.965215
1.22178       0.964659
1.07314       0.919247
1.49921       0.907033
1.24004       0.955309
0.957799       0.949224
0.59432       0.969006
0.563972       0.631125
0.717341       0.389773
0.854689       0.927114
1.05963       0.953328
0.706083       0.81155
1.15664       0.937378
1.15387       0.952539
1.21896       0.906058
1.00477       0.946997
1.27922       0.939798
1.40071       0.957091
1.50345       0.981827
1.64121       0.952573
1.20784       0.978307
0.992089       0.977168
1.56509       0.949169
1.43115       0.91433
1.34418       0.89165
1.36146       0.926463
0.744861       0.948619
1.39078       0.977214
1.01668       0.969447
1.56827       0.98745
1.02651       0.832125
1.01419       0.870293
1.6378       0.961863
1.01059       0.777138
1.66977       0.97881
0.668039       -0.22526
1.49225       0.970161
1.1486       0.979114
1.5511       0.984548
1.40204       0.985317
0.9298       0.964764
1.29635       0.98724
1.14041       0.924216
0.734342       0.921978
0.593898       0.836194
0.961759       0.907982
0.958449       0.933104
1.12593       0.967989
0.843671       0.918771
0.739552       0.92989
0.527559       0.911756
0.640647       0.83508
0.785619       0.480338
1.30957       0.973887
1.60453       0.946822
1.45834       0.937083
0.668988       0.887037
0.910459       0.97619
1.34357       0.913074
0.684457       0.916305
1.02109       0.970246
1.07437       0.831226
1.26153       0.992762
1.13266       0.957807
0.771298       0.941304
0.937808       0.922006
1.03606       0.898802
1.2006       0.984198
0.758361       0.876447
0.847642       0.946074
1.04222       0.926935
1.24203       0.896604
1.22676       0.98441
1.24387       0.936176
1.73725       0.940458
0.840786       0.917452
1.49978       0.989556
1.53209       0.970499
1.27884       0.940265
1.1877       0.963072
1.26196       0.952074
1.36606       0.979727
1.02248       0.965137
1.10796       0.900579
1.06612       0.962692
1.30226       0.989168
1.3386       0.938291
0.737585       0.934543
1.34736       0.943062
1.37441       0.924303
1.11882       0.887213
1.21957       0.975864
0.913322       0.980398
0.915997       0.942281
1.02353       0.981662
1.38477       0.988119
0.854161       0.815323
1.22999       0.962162
1.04918       0.862209
1.36814       0.961593
0.956396       0.982131
1.18551       0.960907
0.882056       0.723978
1.56068       0.741517
1.02404       0.938199
1.06546       0.962148
1.08451       0.895622
0.730155       0.858985
0.873394       0.958327
1.29686       0.968235
1.3217       0.930427
0.932843       0.918852
1.17345       0.943655
1.16458       0.977135
1.29223       0.987009
1.10126       0.965164
0.935661       0.897288
1.07264       0.968538
1.50285       0.962714
1.21168       0.819542
1.10562       0.949129
1.05247       0.96252
0.943779       0.958749
0.916463       0.873096
0.939078       0.876666
1.12798       0.801026
0.959814       0.876811
0.932172       0.970864
1.01614       0.950005
1.27661       0.96352
1.44586       0.987241
1.0431       0.869572
0.856675       0.926873
1.38312       0.934643
1.0071       0.956034
1.43553       0.980303
0.791063       0.957102
1.38911       0.937682
0.620569       0.721318
0.847155       0.95614
0.913589       0.927837
1.07507       0.97508
1.35227       0.968864
1.25696       0.946171
0.781341       0.857218
1.36256       0.970296
0.928063       0.976223
1.17622       0.972015
1.11953       0.96161
1.17741       0.928556
0.913356       0.90171
1.02887       0.974369
1.12486       0.965838
0.91116       0.977702
0.719001       0.771098
1.21834       0.956926
1.66641       0.951147
1.30826       0.979304
1.7172       0.934137
0.873303       0.857618
0.901631       0.932689
1.51656       0.830156
0.865628       0.989617
1.00154       0.798499
1.3239       0.984914
1.15671       0.967257
0.747713       0.820941
1.04849       0.952149
1.22375       0.974372
1.22857       0.794457
1.36205       0.983963
0.77408       0.943678
1.44199       0.988093
0.687754       0.853046
1.1953       0.979018
0.973126       0.974243
1.23557       0.970786
1.35807       0.802377
1.35207       0.957649
1.17068       0.960399
0.619081       0.695589
1.05094       0.977166
1.03193       0.855328
0.906513       0.926788
0.780735       0.763752
0.971491       0.953626
0.89147       0.835408
0.861611       0.976639
0.91971       0.871789
0.824473       0.867256
1.10115       0.986294
1.41862       0.898517
0.473538       0.436923
1.35461       0.994115
1.47079       0.910353
0.975168       0.920403
1.5078       0.937839
1.02549       0.983925
0.908291       0.884611
0.941308       0.880924
1.32792       0.970015
0.966674       0.976933
1.21138       0.950783
0.840859       0.967863
1.39213       0.988991
1.0083       0.957571
0.735201       0.77747
0.629039       0.486021
1.28266       0.955419
0.961893       0.96473
1.1585       0.982998
0.74604       0.955821
1.17527       0.974176
1.48958       0.993984
1.40828       0.846146
1.19282       0.954569
1.09484       0.937149
0.809406       0.811356
1.02428       0.964575
1.2259       0.943465
0.652054       0.956305
0.881644       0.939079
0.729764       0.965602
1.32299       0.97867
0.689652       0.80178
1.05318       0.903413
0.381558       0.839461
0.922641       0.967705
0.76358       0.94033
1.43781       0.967661
1.5531       0.946096
1.24298       0.957832
1.24151       0.941886
0.703006       0.819608
0.945598       0.911879
0.983691       0.97291
1.52098       0.962582
1.37067       0.95975
0.952853       0.971537
1.10457       0.944852
1.09198       0.900247
1.45923       0.976284
1.11471       0.97421
0.98315       0.917725
0.863488       0.978379
1.22075       0.857057
1.2987       0.975806
0.724467       0.828075
1.42048       0.959107
1.3615       0.924371
0.969244       0.766126
0.916444       0.969556
1.11065       0.862126
1.30053       0.940082
1.38226       0.945177
0.696238       0.85308
1.41647       0.873847
0.973416       0.950634
0.791821       0.96207
1.20235       0.940538
1.08029       0.744452
0.73663       0.911931
1.21735       0.931817
1.30571       0.967799
1.25277       0.971869
1.1282       0.951821
0.734594       0.881379
1.22729       0.981615
1.31923       0.968428
1.48808       0.978976
1.17806       0.953268
1.03971       0.94453
0.91439       0.939397
1.09942       0.869345
1.30772       0.975666
1.40847       0.992381
0.643895       0.871068
1.10827       0.898536
0.64915       0.944876
0.697495       0.783469
0.602755       0.8649
1.10445       0.915804
0.872148       0.952449
0.679362       0.905809
1.08763       0.969632
1.10406       0.95638
1.00282       0.979076
0.876091       0.938032
0.725667       0.681017
1.27609       0.954256
1.51289       0.97243
0.934687       0.782711
1.08758       0.817709
1.22521       0.92233
1.12259       0.973547
0.905779       0.864825
1.21723       0.974761
1.00759       0.984324
1.07141       0.90835
1.03459       0.954049
1.29       0.9185
0.624836       0.582126
0.92872       0.984816
1.09118       0.953469
1.00328       0.953963
1.12129       0.966095
0.868794       0.942151
1.4725       0.922269
1.07963       0.963171
1.59015       0.98931
1.32416       0.82753
1.65148       0.935729
1.03709       0.962703
1.39037       0.960319
1.13367       0.92024
1.0944       0.97759
1.09917       0.94928
1.70753       0.972722
1.50573       0.958347
1.6486       0.892458
1.58341       0.91012
0.949613       0.861782
0.8913       0.93616
1.25888       0.939351
0.978536       0.939556
1.02105       0.924908
1.02211       0.959522
0.617552       0.944736
1.32402       0.946655
1.26623       0.945032
0.8009       0.727809
1.58212       0.970402
0.732991       0.922626
0.88119       0.968238
1.23412       0.964099
1.32726       0.934877
1.3578       0.954073
1.76804       0.960639
1.34262       0.988996
0.991121       0.850464
0.951386       0.934527
1.23728       0.914996
0.9996       0.913854
0.661307       0.722148
0.908383       0.981865
0.856407       0.988667
0.709995       0.655739
1.32111       0.969564
1.2691       0.807731
0.839531       0.864706
0.448212       0.797488
0.537294       0.836624
0.843038       0.902864
1.65243       0.97161
1.1165       0.942695
1.21386       0.98952
1.35358       0.941331
1.07126       0.960586
1.02581       0.95945
1.48281       0.964005
1.13211       0.902314
1.36296       0.885996
0.881494       0.922283
1.02271       0.988447
1.69267       0.934147
1.02278       0.918301
1.67231       0.978374
1.17817       0.961197
1.22861       0.962955
0.685185       0.801445
1.15306       0.908533
1.30127       0.780556
1.31743       0.967484
0.573311       0.785163
1.42937       0.924588
1.50992       0.982628
0.977029       0.904152
1.09218       0.866937
1.05482       0.895899
1.14118       0.919827
1.12663       0.854975
0.61454       0.692097
1.59512       0.981139
1.21235       0.93078
1.07327       0.962807
1.35254       0.937908
1.37662       0.969485
1.06845       0.98293
1.00708       0.97271
0.621223       0.935271
1.31749       0.95973
1.01449       0.953256
0.963714       0.974511
1.17514       0.857601
1.00769       0.754879
1.14687       0.956969
1.27965       0.870408
1.33064       0.983615
1.35367       0.948888
0.602418       0.855565
1.7326       0.912368
0.758917       0.854697
0.957102       0.798
1.28157       0.933479
1.04658       0.939338
1.29369       0.928944
0.857016       0.800129
1.16561       0.897723
0.846532       0.956031
1.19408       0.858375
1.00319       0.966966
1.22189       0.923028
1.30508       0.961564
1.47235       0.940399
1.5633       0.959921
1.30814       0.97999
1.03952       0.98011
1.45635       0.934469
0.974507       0.947589
1.13395       0.885542
0.94338       0.873651
0.937451       0.95993
1.05441       0.977444
1.01269       0.897158
1.37104       0.977362
1.36968       0.989496
1.73562       0.969787
1.14552       0.942511
1.22552       0.928952
0.848122       0.67771
1.18317       0.948943
1.64748       0.832624
1.10362       0.972628
1.46482       0.928816
1.35587       0.981082
1.02053       0.945156
1.25836       0.985237
1.46478       0.879106
0.491013       0.914755
0.779509       0.833115
0.8483       0.917493
1.42756       0.875033
1.41747       0.941009
1.32628       0.910243
1.00957       0.945285
0.626143       0.7733
1.45504       0.957685
0.901025       0.872753
1.33085       0.897515
0.900827       0.904889
1.10441       0.970909
1.30954       0.946338
1.34035       0.906707
1.27953       0.914572
1.33653       0.923651
1.61163       0.870949
0.716141       0.900349
0.749276       0.819167
0.721004       0.606956
1.02034       0.925965
0.986233       0.875157
0.68378       0.867252
1.07355       0.975027
1.37035       0.986028
0.731004       0.960207
1.25393       0.959447
1.15209       0.8956
1.07727       0.931582
0.749597       0.778093
0.924206       0.921944
0.72383       0.847427
1.14621       0.960139
1.17653       0.89229
1.31333       0.972095
1.40363       0.906968
1.09608       0.900158
0.869173       0.853578
0.882601       0.939546
1.36351       0.986856
0.813104       0.970722
1.26792       0.911697
1.14723       0.955208
1.22955       0.963045
1.08388       0.971077
1.19806       0.846146
1.14591       0.941825
1.30363       0.904533
0.978381       0.936622
0.979944       0.968268
1.04357       0.97199
0.377409       0.910481
0.901783       0.601595
1.21078       0.956954
0.994047       0.951005
1.18944       0.94604
1.01882       0.938144
1.12675       0.852588
1.59152       0.916215
1.15741       0.981128
1.06799       0.970933
0.969341       0.97846
0.654594       0.962963
1.26128       0.964931
1.3046       0.969367
1.41162       0.927203
1.43067       0.785333
1.34441       0.962945
1.22879       0.971909
0.873875       0.94337
0.757154       0.840423
1.46743       0.942032
1.39244       0.895385
1.27874       0.971267
1.00078       0.919371
1.29099       0.911913
0.835196       0.952822
1.40963       0.992959
1.04207       0.934028
1.46565       0.981749
0.518151       0.664216
1.26839       0.956515
1.15641       0.968567
1.30189       0.982509
1.09241       0.922143
1.12362       0.971818
0.928776       0.946333
1.04446       0.907101
1.04148       0.930785
1.08029       0.892348
0.929987       0.665668
0.87703       0.915177
0.859969       0.847889
1.63772       0.967492
1.0738       0.891422
0.879546       0.88474
1.06948       0.968178
0.844493       0.870822
1.55174       0.794947
0.718389       0.932547
0.996406       0.991647
0.805294       0.840419
0.968355       0.921978
1.11086       0.891216
0.902109       0.92104
1.24334       0.945912
1.0859       0.943832
0.82313       0.924719
1.66955       0.972724
1.05171       0.959038
1.26854       0.944377
0.758954       0.837158
1.15216       0.96339
1.10906       0.884502
1.2164       0.867305
1.02462       0.974233
1.10847       0.93897
1.40446       0.974849
0.931953       0.859353
1.20197       0.952083
1.52704       0.850835
1.10105       0.824482
1.29731       0.945599
1.15445       0.922512
1.06791       0.984177
0.883646       0.960331
1.10806       0.915052
0.933881       0.539832
1.2917       0.947825
1.33241       0.979841
1.37748       0.963441
1.23582       0.97369
0.917549       0.957914
1.26777       0.894223
0.872004       0.859013
1.37809       0.972411
1.47443       0.972145
1.32116       0.951545
1.18385       0.977489
1.08959       0.941915
1.04683       0.785132
0.887138       0.952425
1.26277       0.974163
0.795704       0.802773
1.1214       0.883511
1.00839       0.937019
1.51546       0.938371
1.61745       0.920417
0.752416       0.911045
0.998043       0.929901
1.0765       0.986242
1.25251       0.938642
1.68356       0.972258
1.25379       0.84795
1.28053       0.935535
1.2611       0.943061
1.09074       0.909044
0.80129       0.849797
0.95493       0.9891
1.13988       0.893036
1.56063       0.974549
0.924662       0.920114
1.15655       0.944503
1.5893       0.946207
1.16452       0.945361
0.786831       0.798992
0.934549       0.936561
1.23395       0.947231
0.775502       0.868661
0.713712       0.333109
1.10038       0.952178
1.22841       0.815144
1.05021       0.970346
0.709715       0.993025
0.876529       0.746737
1.51331       0.98328
1.83553       0.985933
0.909666       0.916189
1.67882       0.973389
1.52287       0.944089
1.13838       0.993025
0.636127       0.566984
0.899099       0.983016
0.979354       0.793206
0.688408       0.957005
0.97746       0.99263
0.912144       0.949425
1.14359       0.824106
1.47871       0.971736
0.957282       0.909586
0.958999       0.686866
0.637543       0.885814
1.15006       0.984275
0.909001       0.978546
1.15493       0.984825
1.06436       0.884414
1.07281       0.985811
0.799193       0.951859
1.1642       0.986699
1.0804       0.96442
1.3952       0.812586
0.648974       0.89916
1.11711       0.948106
1.03434       0.945521
0.524332       0.840043
1.33964       0.981868
1.1406       0.937234
1.65144       0.992607
1.1511       0.961396
1.13553       0.966695
0.882673       0.902386
0.822081       0.800103
1.36219       0.977087
1.36705       0.977778
0.938198       0.918431
1.82373       0.975164
0.523645       0.781265
1.20583       0.961176
1.0037       0.889209
1.2163       0.955304
1.03225       0.98818
1.42949       0.959886
1.58797       0.969989
1.53813       0.910792
0.781177       0.962487
0.768758       0.943307
0.826845       0.983331
1.36601       0.910524
0.618901       0.945903
1.54841       0.887775
0.74678       0.96952
1.55794       0.990113
1.10345       0.96077
1.04459       0.908032
0.733985       0.852097
1.2082       0.874383
0.723302       0.975439
1.2156       0.873671
0.565938       0.617301
1.24824       0.967107
1.01512       0.990316
1.72923       0.97588
1.2914       0.969612
1.29328       0.942205
1.39061       0.974624
1.20338       0.842829
1.56865       0.961637
1.05055       0.970403
1.36738       0.940134
1.06403       0.991345
0.904993       0.783741
1.39302       0.983596
1.77066       0.983735
1.10367       0.945905
1.29309       0.985906
0.832019       0.972248
1.29545       0.991187
1.65167       0.96574
1.36616       0.9214
0.599509       0.879234
1.28443       0.953185
1.01205       0.877649
1.47889       0.958044
0.770251       0.891778
1.17736       0.85049
1.05996       0.939706
0.883949       0.907778
0.957749       0.964095
0.86612       0.891709
1.35256       0.96741
1.20753       0.983948
1.16354       0.983549
1.14814       0.973028
1.06972       0.866722
1.54611       0.911729
1.53153       0.953
1.22176       0.949946
1.4029       0.871646
1.36893       0.978543
0.577189       0.519333
1.18364       0.812583
1.08536       0.956322
1.50184       0.989914
1.24994       0.994255
1.11952       0.923555
1.37672       0.948819
1.23631       0.94366
1.36173       0.984939
1.02254       0.966887
1.34443       0.913788
1.41393       0.844213
0.945751       0.977453
0.920175       0.967129
1.44486       0.955989
1.55944       0.88886
1.09646       0.930784
1.26153       0.92024
1.10842       0.953736
1.24437       0.925319
1.55287       0.976467
0.643087       0.896401
1.37448       0.997401
1.19852       0.918708
1.56925       0.918071
1.00482       0.843662
1.5264       0.971155
1.06329       0.90661
1.52615       0.89055
1.02072       0.702297
0.978459       0.970969
0.994291       0.981206
0.630047       0.906444
1.12974       0.953384
0.956155       0.904129
1.28724       0.967224
0.781233       0.854095
1.11326       0.919155
1.09828       0.939542
1.41382       0.85384
1.3556       0.939421
0.893267       0.790493
1.36902       0.966605
1.36608       0.885192
1.39282       0.976087
1.06931       0.873018
1.13758       0.93942
1.10301       0.946852
1.10916       0.82047
0.959391       0.736993
0.826984       0.972412
1.34772       0.955844
0.913206       0.883125
1.0321       0.903547
1.16422       0.982423
0.978116       0.964122
1.84543       0.923844
1.00162       0.907036
1.11802       0.885807
0.720843       0.908508
0.811031       0.867571
0.851021       0.908919
1.08568       0.760369
1.2129       0.978316
1.06103       0.862198
0.844391       0.897717
1.35479       0.946387
0.877687       0.764132
0.998369       0.962377
1.11778       0.962181
0.958249       0.856786
1.64721       0.97802
1.11423       0.987164
1.48999       0.97908
1.26598       0.9381
1.18507       0.96355
1.30287       0.964804
0.910093       0.909172
0.868577       0.791445
0.963624       0.967355
0.987811       0.974705
1.3686       0.947844
1.1974       0.95356
0.931802       0.970493
1.37609       0.908217
1.36377       0.924793
1.62371       0.98517
0.970385       0.969633
1.14944       0.941933
1.29265       0.907798
1.09727       0.951095
1.26241       0.937566
1.38423       0.961415
1.02437       0.712385
1.27978       0.978636
1.46604       0.994699
1.22489       0.950262
0.909511       0.884128
1.38493       0.972327
1.08642       0.94371
1.15899       0.963767
0.870828       0.951211
1.09567       0.94536
0.738653       0.936334
0.931058       0.941747
1.10146       0.979206
0.894536       0.864621
1.34491       0.907089
1.06665       0.964578
0.581627       0.915016
1.29114       0.968958
1.05176       0.980742
1.31362       0.978503
1.50633       0.970481
1.22782       0.98614
0.982637       0.953635
0.61578       0.953273
1.49465       0.986357
0.990403       0.886824
1.29304       0.965575
1.16681       0.954248
0.96758       0.916487
1.90322       0.926113
1.25081       0.990536
1.25981       0.908521
1.11614       0.969214
1.08668       0.828061
1.1651       0.931794
0.767199       0.925295
1.14682       0.980417
1.05522       0.9675
0.927007       0.884425
1.37844       0.956363
1.38413       0.885714
1.02287       0.971051
1.13923       0.952907
1.20298       0.923305
1.31385       0.976813
0.785965       0.851693
0.843771       0.945535
1.09332       0.987317
1.55157       0.971846
0.871053       0.958047
1.63971       0.960573
1.38       0.983271
1.41276       0.979118
1.21952       0.8803
0.822419       0.956237
1.57833       0.927338
1.29759       0.816032
1.28708       0.964018
0.755623       0.836799
1.34813       0.786577
1.02049       0.944085
1.44123       0.945983
1.07984       0.978637
1.1705       0.88794
0.961382       0.640054
0.619896       0.937808
0.754838       0.918723
1.14584       0.978011
1.34824       0.908474
1.07597       0.955376
1.26426       0.971159
1.73663       0.959758
0.959907       0.902658
1.34191       0.881094
1.30311       0.925768
0.800843       0.944203
1.12763       0.949258
1.40825       0.950692
0.756349       0.861009
1.07567       0.760531
0.640078       0.875491
0.781454       0.98246
0.506443       0.891793
0.812779       0.959163
1.11654       0.919422
0.988414       0.93678
1.32068       0.973352
0.845767       0.991
1.32476       0.971091
1.04492       0.972167
0.7878       0.912308
1.04129       0.947408
1.27687       0.815638
1.28509       0.920292
1.28919       0.887575
0.607663       0.861958
0.695849       0.92009
0.557878       0.797095
1.21147       0.992328
1.40796       0.871494
1.21039       0.956217
0.995863       0.910735
1.05905       0.963649
0.868934       0.987611
0.954938       0.901932
1.67433       0.974723
1.4087       0.781945
0.572042       0.759082
1.27026       0.974386
0.968419       0.985627
0.789496       0.57978
0.887888       0.871117
0.617205       0.727093
0.862064       0.86799
1.22073       0.976776
0.886252       0.925422
1.42684       0.880709
0.94405       0.432413
0.764461       0.779787
0.499353       0.589194
1.34442       0.94417
0.999851       0.965796
1.02125       0.946049
1.13119       0.948999
1.60361       0.933414
0.808535       0.670658
0.68206       0.943376
0.94266       0.947663
0.954738       0.882823
0.945284       0.907794
0.842877       0.804987
1.60787       0.983923
0.844448       0.883113
1.11563       0.878589
0.734427       0.885655
1.65099       0.957499
0.816682       0.846322
1.55289       0.990561
1.15415       0.953123
1.53867       0.935548
1.24769       0.93957
1.46817       0.951119
1.37702       0.873557
0.920073       0.908001
0.910651       0.838785
1.54874       0.936945
0.878719       0.985424
0.710026       0.754595
1.31314       0.971988
1.10262       0.978002
0.92459       0.689935
0.844801       0.94827
1.40597       0.968749
0.937018       0.872291
0.929707       0.92391
1.31471       0.869505
1.45933       0.973972
0.706355       0.936991
1.40871       0.89133
0.674667       0.898571
1.47255       0.97663
0.965346       0.949489
0.665334       0.911807
0.734281       0.933107
1.52512       0.9372
1.08059       0.961487
1.02763       0.962901
1.50293       0.95103
1.20044       0.974486
1.2599       0.893104
1.16132       0.937692
1.63986       0.973004
0.959912       0.94283
1.29167       0.926535
0.868967       0.945192
1.27671       0.954543
0.873232       0.962386
1.10221       0.957655
1.43948       0.961349
1.14445       0.924269
1.4771       0.90097
1.1205       0.973611
0.899875       0.931223
0.942298       0.927301
0.956283       0.964093
0.76596       0.801924
1.11825       0.837667
1.14923       0.970244
0.781991       0.970631
1.14072       0.849031
0.928245       0.943214
0.987389       0.990226
0.789865       0.917842
1.36343       0.891895
1.5096       0.978972
1.33283       0.974211
0.904437       0.683786
0.759495       0.826452
1.11127       0.934307
1.47485       0.920235
0.967284       0.893026
1.14708       0.89016
0.923371       0.961258
0.651261       0.954435
1.35849       0.974059
0.758597       0.909118
1.2631       0.959056
0.487466       0.778199
1.87212       0.990756
0.837703       0.79274
1.27628       0.960286
1.24098       0.974347
1.19583       0.980716
0.778764       0.925052
0.748311       0.796128
1.18328       0.892917
1.00053       0.919469
1.35161       0.953783
1.48458       0.938702
0.979491       0.979029
1.61755       0.972243
1.40971       0.971926
0.949132       0.990762
1.52455       0.947766
1.18166       0.851402
1.28461       0.967078
0.880694       0.933523
1.41785       0.936721
0.703701       0.877656
1.00239       0.903306
1.29648       0.98496
1.14781       0.895775
1.18616       0.988766
1.05231       0.97479
1.21777       0.933063
0.754875       0.966194
1.53729       0.946158
1.50481       0.876946
1.37054       0.982301
1.32802       0.903409
1.27246       0.976497
1.24769       0.976244
1.5635       0.90283
1.51848       0.924964
1.54895       0.922245
1.17212       0.947737
1.61677       0.952168
1.4051       0.924162
0.915003       0.867789
0.915595       0.979854
1.11401       0.97467
1.09061       0.979292
1.36573       0.939502
1.01324       0.885364
1.22135       0.963376
1.37146       0.983012
1.36381       0.940753
1.04128       0.984343
1.37239       0.970738
0.981052       0.819564
0.937214       0.947692
1.20303       0.945671
1.58242       0.990955
0.759731       0.889568
1.33781       0.970778
1.64524       0.968032
0.865029       0.884023
0.927221       0.957469
1.51065       0.990705
1.45352       0.974018
1.01486       0.740975
1.63511       0.986621
0.953794       0.924803
0.776627       0.864103
0.701454       0.923784
1.34211       0.945557
0.916193       0.934848
1.01313       0.789268
1.20695       0.94797
1.19029       0.970761
0.754945       0.75739
1.19074       0.9382
1.15754       0.919338
1.72066       0.905973
1.1783       0.988166
1.14801       0.907337
1.63364       0.97346
1.33338       0.967615
0.893986       0.954184
0.728258       0.872014
2.07696       0.949931
0.778703       0.942981
0.965509       0.942447
1.75141       0.967807
1.34928       0.940831
1.5213       0.982161
0.885798       0.911385
1.23406       0.949789
0.490799       0.842298
0.892738       0.972799
1.0027       0.986599
0.876911       0.935003
1.15994       0.962902
0.818296       0.870992
1.55572       0.959563
1.05333       0.893828
1.12916       0.927523
0.891813       0.651591
1.28967       0.967989
0.953058       0.873914
0.67375       0.910145
1.30176       0.951501
1.23168       0.881128
1.01824       0.975615
0.545153       0.936617
1.42222       0.973393
0.884162       0.844793
1.51902       0.950434
1.21636       0.93416
0.90789       0.930326
1.10863       0.953171
1.29278       0.965927
0.989002       0.961455
0.969702       0.950616
1.02821       0.92929
0.62059       0.713498
1.13417       0.765311
1.41197       0.907037
1.05361       0.940014
1.05913       0.983981
0.808862       0.908527
0.789229       0.515995
0.612495       0.946472
1.32304       0.975244
1.00329       0.982854
1.22167       0.950965
1.16928       0.975804
0.781719       0.950457
1.11007       0.989983
1.18929       0.941972
1.25035       0.912376
0.964396       0.838609
0.713978       0.945606
1.18572       0.701612
1.16512       0.965853
1.05576       0.93204
1.49778       0.972495
0.794676       0.816714
0.722206       0.917208
1.53514       0.962842
1.18444       0.811303
1.11307       0.973697
1.23147       0.983767
0.94923       0.911974
0.984698       0.967948
1.07443       0.948069
0.818157       0.920594
1.06199       0.986536
1.56056       0.964884
0.887519       0.854497
1.12568       0.974625
1.12236       0.990047
0.659416       0.915377
0.98349       0.968657
0.533282       0.845729
1.33615       0.899872
1.16966       0.956176
1.37977       0.874782
1.22515       0.851455
1.27819       0.965319
0.92948       0.939018
0.713914       0.955845
1.45089       0.943241
0.902025       0.970611
1.20376       0.951993
1.21763       0.99033
1.02949       0.880167
0.932683       0.944852
1.00511       0.97851
1.22788       0.842807
1.08064       0.98725
1.03494       0.886402
0.947026       0.981915
0.781399       0.889064
1.28321       0.935676
0.698719       0.870152
0.866597       0.92757
1.4105       0.985374
1.06362       0.890816
1.10479       0.853538
1.26401       0.945888
1.10995       0.960377
1.65964       0.992335
1.19994       0.948587
1.31501       0.913299
1.38587       0.985412
1.25859       0.914297
0.882865       0.873531
1.06343       0.950908
1.10672       0.960546
0.981114       0.927581
1.18164       0.911054
0.968711       0.899595
0.885956       0.974504
0.991182       0.905674
0.93657       0.982005
1.34236       0.940181
1.03292       0.918279
1.63515       0.983974
1.26695       0.979023
1.62162       0.929395
0.535715       0.932376
1.32945       0.845721
0.810199       0.985142
0.902812       0.920963
1.33889       0.960062
1.07658       0.943051
0.575903       0.742218
1.37813       0.991563
0.991296       0.913648
1.01953       0.913157
1.00952       0.974056
1.3774       0.980549
1.30816       0.949626
0.614074       0.857764
0.770828       0.729674
0.67258       0.928723
1.01513       0.832867
1.44371       0.984342
1.23448       0.95018
1.00771       0.961013
1.46519       0.96436
0.833939       0.747161
0.616225       0.946731
1.07982       0.970046
1.1076       0.93615
0.67004       0.859003
1.33842       0.980255
1.17245       0.919051
1.10209       0.932429
1.32412       0.977189
1.27237       0.927324
1.09221       0.679153
1.35293       0.980577
0.696861       0.91629
0.955157       0.901366
1.32877       0.966487
0.539706       0.512093
1.38257       0.877762
1.06267       0.903179
0.738394       0.898969
1.26348       0.987947
0.951399       0.988377
0.609919       0.781186
0.763055       0.918073
1.28275       0.966374
1.35496       0.941262
1.13099       0.970261
0.967619       0.927841
1.30725       0.924853
1.13618       0.953605
0.785772       0.937074
0.938399       0.769453
0.649088       0.894701
1.16736       0.89468
1       1
