1.13924       0.947176
1.02225       0.966747
1.14216       0.985587
0.941013       0.943048
2.07842       0.983742
0.888491       0.876993
0.976267       0.989087
0.876453       0.970664
0.861941       0.88424
1.55568       0.985353
0.866575       0.910336
0.492748       -0.301462
1.11867       0.993137
0.984575       0.586077
1.3135       0.985171
0.997175       0.9815
0.865453       0.98066
1.94243       0.961122
1.94519       0.937101
1.18059       0.985787
0.986673       0.976908
0.97283       0.934554
1.01537       0.989744
1.10898       0.981776
1.05282       0.99199
1.54754       0.973465
1.12812       0.984785
1.18538       0.977529
1.35639       0.981612
1.43933       0.95317
1.48799       0.93596
0.725278       0.889828
1.19402       0.926722
1.43709       0.993002
1.01138       0.928866
0.521651       0.825693
1.24719       0.980611
1.26266       0.970906
1.20358       0.97998
0.970547       0.94775
1.45547       0.938139
1.00287       0.989772
1.20507       0.958063
1.36703       0.986564
1.41927       0.957012
1.28421       0.942357
0.552908       0.745245
0.608027       0.386677
1.11701       0.983295
1.69781       0.985016
1.02472       0.953918
0.79282       0.900577
1.16982       0.976542
0.906255       0.985062
1.73933       0.977307
1.75714       0.917636
1.15818       0.8263
0.758093       0.975582
0.95162       0.860038
1.28414       0.985264
0.855338       0.904152
0.716665       0.827154
0.474565       0.86039
0.984867       0.944238
1.09259       0.887037
1.186       0.848254
1.11479       0.898804
0.678875       0.79085
0.938132       0.93681
1.22346       0.977038
1.0071       0.853927
0.765041       0.918957
0.387141       0.253554
1.18757       0.990001
1.05855       0.950539
0.84755       0.976377
0.977907       0.955471
0.997207       0.80383
1.20054       0.852954
0.884725       0.911195
0.987512       0.925966
1.20982       0.913701
0.38402       0.679409
1.1229       0.962827
1.7784       0.950828
1.25905       0.938338
1.13993       0.617481
0.561089       0.674009
1.38245       0.936585
1.25211       0.968787
1.11682       0.935589
0.943299       0.960384
1.05364       0.876071
1.16397       0.967725
1.64509       0.968486
1.28948       0.954701
1.14317       0.885623
1.11633       0.890586
0.695825       0.899596
1.13441       0.927154
1.22592       0.979844
0.782527       0.966377
1.34105       0.882428
0.924027       0.902988
0.842602       0.925861
1.09163       0.963606
1.00593       0.965855
1.19048       0.915388
0.608069       0.768469
0.848037       0.934844
1.13158       0.951416
0.519021       0.801551
1.24807       0.95164
1.48949       0.964389
1.53149       0.923463
1.54246       0.931396
0.860712       0.911037
0.356833       0.204315
1.0434       0.939828
0.877113       0.892131
1.03226       0.856221
1.4361       0.877876
1.14217       0.844095
0.997308       0.780153
0.997598       0.822758
0.908572       0.913811
0.403724       0.536437
0.746778       0.982306
1.33434       0.974136
1.17467       0.891325
1.30993       0.856088
0.36144       0.496653
1.50373       0.995073
0.646135       0.945068
0.923264       0.953821
1.39997       0.982438
1.21136       0.979484
1.45481       0.976795
0.844837       0.985839
1.07844       0.942034
0.910114       0.827115
1.66356       0.955529
1.10107       0.958921
1.3341       0.969351
1.37718       0.975805
1.07809       0.958451
1.17597       0.972669
0.804288       0.957228
1.05948       0.868075
0.955746       0.959246
1.60243       0.977199
1.09411       0.921751
0.934822       0.970402
0.534478       0.772945
0.641349       0.823034
0.494556       0.727513
1.34108       0.984992
1.00882       0.932604
0.894361       0.966952
0.634184       0.71741
1.11053       0.934022
1.36248       0.965115
0.955409       0.870501
1.52554       0.976681
0.993318       0.949576
0.80006       0.965429
0.925699       0.891291
1.28998       0.98996
1.06411       0.96487
0.96822       0.858273
0.579281       0.91121
0.737852       0.563055
1.12591       0.987348
1.18844       0.898493
0.882814       0.843106
0.82632       0.924375
1.43636       0.990323
0.971456       0.974947
1.00408       0.951595
0.624591       0.81243
0.945203       0.91294
0.745714       0.923045
1.33618       0.969623
0.638802       0.959345
0.570894       0.7456
1.9326       0.989807
1.35814       0.771662
1.18128       0.970042
0.732203       0.951568
1.01989       0.938445
0.798857       0.740561
0.979789       0.973265
1.28668       0.947973
1.23407       0.963705
0.759529       0.758991
1.05564       0.977389
0.79193       0.852115
1.26526       0.972314
0.765055       0.938306
0.832111       0.907486
1.10853       0.941181
1.31515       0.948977
0.780617       0.824028
0.790779       0.819321
1.10449       0.811052
1.68716       0.980002
1.27185       0.993613
1.2615       0.949382
1.1126       0.993605
1.23725       0.956845
1.61676       0.947104
0.878677       0.918369
1.08985       0.955939
0.806484       0.758967
1.09456       0.945991
0.409601       0.737759
1.47576       0.94444
1.48781       0.951036
0.814992       0.809013
1.37002       0.982643
1.17299       0.944502
0.637945       0.927673
0.872862       0.970695
0.462939       0.791222
0.699987       0.986312
0.622746       0.969366
1.346       0.963652
1.07172       0.822113
0.812079       0.838465
1.33463       0.966098
0.931281       0.977807
0.933938       0.961127
1.06032       0.918366
1.27192       0.989078
1.24945       0.9243
0.873863       0.96021
1.3188       0.989074
0.704098       0.873601
1.03551       0.975234
0.986886       0.895936
0.836078       0.961775
0.586211       0.977373
1.59207       0.976888
0.353886       0.607913
1.57098       0.983022
0.312643       0.603508
1.22008       0.991839
1.03983       0.976368
1.34371       0.900343
0.865082       0.957978
0.678956       0.72095
1.00656       0.917965
1.15978       0.967369
1.10681       0.950413
0.873232       0.767057
1.17184       0.993985
0.879868       0.947787
1.33478       0.987164
1.58588       0.871724
1.58564       0.920179
1.54941       0.977525
1.24854       0.886516
1.24154       0.984988
1.93849       0.983215
0.956595       0.939644
0.8206       0.725037
1.41065       0.941035
0.687762       0.870802
1.45072       0.982355
1.10849       0.92922
1.23564       0.977863
0.945582       0.949304
1.61513       0.965858
1.10896       0.966758
1.41881       0.98247
0.870812       0.909016
0.873923       0.897602
1.32985       0.986203
1.12738       0.984486
1.12573       0.958002
0.873223       0.936785
1.19027       0.993629
1.17705       0.969608
0.847074       0.924092
1.23659       0.971083
0.85247       0.82663
1.33515       0.687196
1.15282       0.955299
1.53439       0.934376
1.11153       0.91763
0.512009       0.776585
0.768422       0.930296
0.819148       0.90677
1.2099       0.972716
1.08404       0.981758
1.15665       0.974977
1.2756       0.939979
0.969981       0.97043
0.696934       0.873654
1.49318       0.968364
0.869551       0.950629
1.13656       0.926883
1.01481       0.980603
0.847267       0.868735
1.12738       0.790415
0.921666       0.965682
0.723265       0.944153
1.21615       0.988107
1.47993       0.957001
1.24433       0.956486
1.66749       0.983125
1.64504       0.944472
1.24107       0.896454
1.19862       0.897203
0.537715       0.872218
0.793708       0.84799
0.87235       0.968654
1.7807       0.976082
0.92543       0.958664
1.18877       0.921792
1.14134       0.984732
0.561608       0.661954
1.4212       0.953991
1.11319       0.960692
1.16255       0.975124
0.463634       0.831256
1.00688       0.99086
0.611348       0.885917
1.80908       0.871366
1.24317       0.99134
0.930198       0.985172
1.15475       0.988702
0.553391       0.84233
1.32059       0.919953
1.04996       0.924492
0.843826       0.919576
0.823227       0.808922
0.556702       0.629169
1.80091       0.975244
1.03693       0.898904
1.73051       0.980224
0.716275       0.944075
1.34435       0.951717
0.825192       0.908837
0.577057       0.459997
0.906366       0.959325
1.31407       0.960575
1.36726       0.983983
1.12483       0.953745
1.06406       0.97992
0.760227       0.943552
0.662774       0.849315
1.09931       0.977938
1.13517       0.947978
1.83161       0.957905
1.1381       0.970599
1.47859       0.966607
1.48647       0.951505
1.22886       0.973922
1.12304       0.957032
1.34638       0.952241
1.30285       0.961686
1.10746       0.954407
1.47234       0.957886
0.968311       0.966999
0.687549       0.866228
0.907235       0.826012
1.0325       0.924902
1.16043       0.915616
1.03972       0.942854
1.10541       0.944642
1.0185       0.902565
1.06728       0.952545
0.999414       0.814188
1.15255       0.90051
1.17691       0.990798
0.356655       0.502173
1.36612       0.974887
1.02174       0.987026
0.647595       0.923201
0.970645       0.980772
0.954944       0.974168
0.52418       0.720969
1.28904       0.971526
0.649148       0.862438
1.08687       0.811871
1.06722       0.984569
1.36944       0.916927
0.962689       0.8823
1.20029       0.931041
1.57477       0.97352
1.62715       0.985245
1.42175       0.898238
0.876258       0.948437
0.469667       -0.0873845
1.25157       0.982286
1.17221       0.93787
1.45883       0.959088
1.32327       0.931441
1.72796       0.976347
0.820229       0.78348
0.892822       0.979562
1.06415       0.928811
1.03266       0.894361
1.02452       0.901263
0.619479       0.855029
0.758126       0.842157
1.45641       0.94377
1.05419       0.934
1.58702       0.941427
0.75872       0.95892
1.38892       0.942549
1.0416       0.902993
0.898959       0.958198
1.28142       0.966573
0.916449       0.984823
1.09985       0.940441
1.04091       0.90825
0.925448       0.963816
1.05791       0.955038
0.928934       0.937073
0.655045       0.973754
0.711833       0.971437
1.53405       0.988027
1.07609       0.945706
0.785737       0.872899
1.28946       0.926225
1.25297       0.971843
1.06122       0.943668
0.840272       0.967307
0.766327       0.982252
0.813068       0.979567
1.42996       0.986429
0.904677       0.920364
0.743396       0.950472
0.830233       0.89989
0.693334       0.894481
1.80295       0.973455
0.972897       0.957985
1.37159       0.919561
1.14225       0.994345
1.00445       0.832102
0.814637       0.901132
0.93884       0.941614
0.796211       0.968625
1.26525       0.928793
1.86948       0.925435
1.16277       0.985923
0.869193       0.942744
0.719452       0.974538
0.728813       0.719369
1.02284       0.974782
0.221672       -0.0785339
1.6369       0.944092
0.666439       0.890406
0.955875       0.990203
1.52609       0.908054
1.02681       0.986128
1.00422       0.937751
1.18681       0.953654
0.559618       0.773329
0.956017       0.993834
1.13078       0.971341
1.46334       0.877963
1.14075       0.954381
0.970253       0.952778
1.1662       0.916278
0.969239       0.931729
1.19262       0.983934
1.36039       0.973683
1.33773       0.944322
0.977673       0.941649
1.1491       0.988488
0.645291       0.883632
0.943023       0.933928
1.1373       0.96865
1.02438       0.972209
1.16688       0.948899
1.78746       0.97187
0.969395       0.900157
1.21166       0.972419
0.769511       0.941919
1.16316       0.866899
1.32169       0.976198
1.45931       0.976392
0.846421       0.898343
1.57746       0.971535
1.43254       0.943632
1.62568       0.976905
1.02154       0.983391
1.21964       0.949193
1.13059       0.940182
0.695127       0.944403
1.21969       0.987086
1.20462       0.985664
1.22087       0.965315
1.62663       0.99219
1.48162       0.99006
1.01439       0.861834
1.34647       0.959146
0.802637       0.960031
1.21396       0.950163
1.03915       0.926286
0.700332       0.805921
1.48625       0.964825
1.48913       0.826702
1.02538       0.918879
1.57887       0.979551
0.742507       0.820505
1.27024       0.983502
1.28821       0.911958
1.1308       0.927427
0.449694       0.765467
1.26346       0.943501
1.30093       0.982214
1.63961       0.978107
0.791156       0.974213
1.08251       0.925558
1.27147       0.958589
0.995065       0.990118
1.03529       0.970029
1.30542       0.971482
1.10514       0.930537
1.39742       0.987733
1.0084       0.88667
1.50987       0.978922
0.837437       0.867833
0.996465       0.969222
1.22971       0.973641
1.29049       0.959675
1.31785       0.980087
0.761592       0.924982
1.18691       0.988175
0.982552       0.603104
1.46115       0.959013
0.862293       0.981805
1.0043       0.936833
0.802163       0.744738
1.19458       0.863805
0.933865       0.986866
0.818875       0.908904
1.66812       0.98151
1.19936       0.967221
0.656197       0.914002
1.33855       0.96329
1.00146       0.977672
1.01543       0.950113
0.937965       0.988139
0.831792       0.937346
1.33421       0.977967
1.11749       0.955876
0.806835       0.865035
1.32286       0.974256
1.57806       0.963694
1.66593       0.935146
1.08698       0.893923
0.919419       0.904151
0.965555       0.959704
1.73309       0.923539
1.43066       0.953026
1.05358       0.95461
1.39047       0.990968
0.987359       0.811587
1.18678       0.936671
1.05759       0.894498
1.13384       0.9339
1.04197       0.946942
0.775583       0.720672
1.03075       0.982785
1.26754       0.951573
0.824419       0.903466
0.615317       0.843016
0.63201       0.82468
0.839662       0.971218
1.50277       0.947279
1.23959       0.985589
1.80975       0.965579
0.899622       0.909746
1.44496       0.914678
0.868005       0.942355
0.659313       0.902029
1.34405       0.933984
0.751878       0.942917
1.09238       0.935321
0.586816       0.415211
1.3252       0.942109
1.07755       0.935868
0.788229       0.93698
1.55003       0.95455
1.2833       0.983484
0.570667       0.395495
1.53061       0.985634
1.32212       0.812167
1.20163       0.866188
0.821739       0.859522
0.992645       0.924112
1.16901       0.963165
0.847878       0.971699
1.03368       0.99034
1.4847       0.976704
0.902794       0.94475
1.27477       0.776076
1.23534       0.972365
1.12426       0.930941
1.45035       0.986985
1.31242       0.951098
0.755309       0.943613
1.1065       0.950497
0.813947       0.924835
1.01285       0.957217
0.948728       0.84081
0.923085       0.975017
0.727065       0.910804
0.927043       0.963206
1.02329       0.965635
1.20951       0.942978
0.819075       0.936336
1.23055       0.969434
0.899097       0.930567
0.825121       0.891374
1.10399       0.927039
1.61904       0.989298
0.877026       0.958971
1.18407       0.97817
0.570622       0.863909
1.14105       0.98947
0.608611       0.797216
0.866368       0.96228
1.2043       0.945196
1.18911       0.955888
0.441769       0.863353
1.29213       0.976736
1.04804       0.880902
1.21542       0.946913
0.866927       0.679407
1.25322       0.949877
0.716614       0.966809
0.940445       0.919681
1.44338       0.978626
0.835331       0.806622
1.38212       0.993578
1.10789       0.989971
1.21485       0.959719
0.890237       0.930809
0.645751       0.602137
1.34594       0.986241
0.9476       0.913943
0.950876       0.918203
0.965867       0.944728
1.13909       0.900412
1.36662       0.99533
0.410998       0.902916
0.928791       0.97543
0.833387       0.637993
0.733682       0.678808
1.12985       0.890053
1.24489       0.982921
0.82583       0.933414
1.13284       0.883793
0.406036       0.563938
1.11804       0.862361
1.0628       0.935026
1.3819       0.980187
1.24856       0.967606
1.81175       0.954807
0.802704       0.838975
1.09485       0.980486
1.26852       0.991517
0.945304       0.90878
1.02153       0.825406
1.01202       0.900976
1.11167       0.631359
0.686456       0.712564
1.45916       0.95984
1.73121       0.972511
1.18957       0.9495
1.10333       0.963089
1.03356       0.896505
1.00756       0.921004
0.889822       0.946218
1.18111       0.583154
1.16451       0.96583
1.02347       0.913543
0.960995       0.978022
0.515419       0.662158
1.13808       0.84057
1.21324       0.912639
1.18505       0.979305
1.17299       0.980757
1.10277       0.878516
0.817341       0.93842
1.49344       0.925012
0.649644       0.883438
1.49809       0.967851
0.746448       0.930878
0.547224       0.888091
1.15076       0.885687
0.711746       0.867248
1.13669       0.955699
1.07064       0.969789
0.752308       0.759845
0.77696       0.856181
0.873308       0.966587
1.04537       0.97206
1.26215       0.964591
1.45104       0.986882
1.0287       0.981221
0.829576       0.853594
1.28376       0.949188
0.91921       0.859622
1.06264       0.934221
0.737264       0.814516
1.27647       0.979063
0.976221       0.982823
0.795264       0.889363
1.19446       0.977023
1.18137       0.926821
0.870317       0.84441
1.26861       0.976897
0.676109       0.832118
0.900022       0.941512
1.12752       0.953885
1.3126       0.985022
0.955929       0.756703
0.718138       0.924552
1.0003       0.941866
0.540357       0.957995
0.897745       0.926894
0.790451       0.939904
0.531698       -0.0999148
0.811552       0.977611
1.36725       0.957489
1.41233       0.958809
0.936336       0.915646
0.886919       0.923109
0.876313       0.972818
0.684375       0.841534
1.12883       0.993628
0.926787       0.880177
0.894912       0.962668
1.11963       0.986766
1.63581       0.954527
1.34474       0.98031
1.22119       0.963602
0.794786       0.69083
1.25347       0.95705
1.7498       0.932795
0.895429       0.908516
0.936058       0.95628
1.0821       0.983473
0.891752       0.987889
1.39532       0.962611
1.48556       0.979509
0.540734       0.922575
1.19035       0.97594
0.929759       0.931466
0.998489       0.885093
1.27535       0.972816
0.797402       0.876222
1.44294       0.915052
0.408107       0.725183
0.880949       0.806609
0.641396       0.777847
0.85312       0.967071
0.976774       0.971607
1.32654       0.932711
1.80922       0.967187
1.03358       0.942964
1.16106       0.954969
1.03245       0.972645
1.71394       0.963736
1.11751       0.981689
1.2188       0.943287
0.991991       0.761782
0.486421       0.652396
1.10976       0.977978
0.997297       0.976617
0.857776       0.880812
1.31776       0.987207
1.27773       0.947898
1.32848       0.975617
0.763046       0.936823
1.1215       0.932359
1.56826       0.962636
1.10385       0.899139
1.17304       0.967615
1.03716       0.957719
1.14506       0.977094
0.842888       0.799659
0.996273       0.951321
0.962998       0.993785
0.802932       0.875295
1.30769       0.93741
1.14578       0.984553
1.18394       0.9835
1.27256       0.850964
0.823863       0.942805
0.968884       0.916425
1.17763       0.832766
1.49835       0.977492
1.166       0.931082
0.785852       0.773752
1.09489       0.976693
0.814821       0.868573
1.01616       0.949505
0.68795       0.633368
0.975745       0.971059
1.53946       0.970746
1.22266       0.979929
0.974522       0.871896
0.853957       0.97353
0.632029       0.964745
0.966797       0.981803
1.1108       0.9638
0.904605       0.961326
1.10388       0.96416
1.02822       0.915155
1.50661       0.978176
1.1541       0.959417
0.641471       0.349762
0.757614       0.512567
1.08408       0.967301
1.00871       0.986739
1.16389       0.97329
1.07789       0.94546
0.733828       0.775995
0.864767       0.973159
0.593001       0.646833
0.362339       0.52962
1.11014       0.973066
0.862055       0.978166
1.13341       0.963957
1.51232       0.974443
1.62751       0.946499
1.25087       0.94175
0.853895       0.93729
1.10256       0.910485
1.15787       0.949723
1.18302       0.968395
0.754112       0.729991
0.494094       0.829434
0.941246       0.959509
0.778349       0.948242
0.919932       0.588651
0.823342       0.914338
0.799267       0.949469
1.44096       0.972673
0.598181       0.864656
1.05357       0.900387
1.51989       0.969542
0.702924       0.889145
1.03301       0.935549
1.29872       0.919277
0.988201       0.991145
1.43636       0.964212
1.07944       0.851927
1.0394       0.8617
1.00766       0.981013
1.17714       0.979217
0.607726       0.968693
1.51035       0.919574
0.971188       0.921601
1.3195       0.935249
2.17564       0.949354
1.5868       0.979506
1.1169       0.940364
1.09436       0.959091
1.07688       0.681269
1.24808       0.811727
1.0882       0.992329
0.498376       0.744872
1.12299       0.904076
1.10486       0.971599
0.905038       0.951028
0.924176       0.931885
0.302686       0.695839
1.33954       0.965987
1.40927       0.966329
1.10513       0.932311
1.34718       0.98062
1.55312       0.982587
1.52318       0.964348
0.840583       0.924235
1.15961       0.965078
0.836488       0.966711
1.28306       0.942331
0.641269       0.838365
0.976083       0.87239
0.795092       0.929359
1.32631       0.927884
0.850022       0.898176
0.808145       0.806573
1.39612       0.915548
1.5157       0.986356
0.9495       0.966083
1.65053       0.949305
0.688607       0.955126
0.897218       0.922713
1.12195       0.932749
0.684475       0.831851
1.20975       0.94111
0.665858       0.618083
1.13613       0.90028
0.598582       0.78507
0.920143       0.919041
1.44729       0.975526
1.2525       0.905337
0.975828       0.528189
1.35208       0.826234
1.20581       0.980605
1.39805       0.979999
1.65485       0.968275
0.921704       0.951401
0.92205       0.967933
1.0356       0.930088
0.504597       0.837804
1.00873       0.968159
0.560247       0.865578
0.723177       0.780636
0.796823       0.912098
1.23307       0.970925
0.995038       0.695256
0.604859       0.699645
0.792919       0.952789
0.582945       0.878947
0.736169       0.677235
1.30246       0.970932
0.853054       0.960508
0.866024       0.94832
1.2808       0.979363
0.987601       0.917167
0.753774       0.876357
1.69041       0.982077
1.15204       0.962692
0.970999       0.832415
1.05012       0.924452
1.61959       0.985385
1.44755       0.993757
1.05891       0.971145
1.09669       0.990173
1.45439       0.98821
1.44366       0.966167
1.6013       0.965303
0.514706       0.407511
1.39936       0.95184
0.851021       0.92887
0.615388       0.909894
1.20269       0.985118
0.974686       0.917183
0.498898       0.766879
1.2775       0.978147
1.3602       0.963883
1.5058       0.965832
1.09195       0.965963
0.851729       0.945944
1.31789       0.966522
0.952639       0.727049
1.20044       0.97631
1.1657       0.935554
1.14029       0.976378
1.12692       0.943087
1.29958       0.979794
1.07722       0.972369
1.02263       0.89766
1.12327       0.924409
0.904922       0.932112
1.32813       0.973891
0.919239       0.973773
1.00089       0.961352
0.983241       0.984054
0.538561       0.851961
0.959556       0.891907
1.35015       0.951773
0.575438       0.902782
0.981736       0.936671
0.955113       0.83638
1.25603       0.97971
1.18776       0.991671
0.722612       0.865725
1.41859       0.985895
0.841376       0.905373
1.14849       0.947981
0.972853       0.873684
0.633528       0.870171
0.470658       0.696768
1.3383       0.957359
1.26184       0.934198
1.5545       0.976667
1.27303       0.985978
1.12685       0.968168
1.52818       0.95938
1.00296       0.932004
1.17912       0.938543
1.16041       0.974747
0.712257       0.799485
0.901842       0.965813
1.21445       0.952294
0.770381       0.876577
0.429351       0.813821
1.19543       0.985942
1.05174       0.97614
0.832846       0.976528
1.46171       0.94463
0.949048       0.946337
1.00856       0.988041
1.11555       0.791675
1.24084       0.856003
0.715509       0.883015
1.34141       0.934201
1.23441       0.943157
0.869286       0.97533
1.01298       0.67298
1.66024       0.866486
1.11085       0.954489
0.914034       0.967453
0.915775       0.867527
1.82265       0.966383
0.956518       0.826963
1.03879       0.986887
0.928932       0.895764
0.724834       0.939007
0.526935       0.929658
0.644963       0.806549
0.920499       0.849343
1.48468       0.967114
1.27941       0.936959
0.943379       0.822906
0.968789       0.980737
0.441792       0.817441
0.864858       0.730753
2.18632       0.978952
1.09863       0.904944
1.11365       0.982093
0.905803       0.977038
1.22571       0.907175
0.573504       0.533381
0.381085       0.40873
0.615375       0.757117
1.0101       0.977578
1.22768       0.944341
1.10493       0.983133
0.85595       0.921456
1.07433       0.779744
1.31085       0.958859
1.10286       0.986457
0.492191       0.788546
1.21041       0.96719
1.51368       0.9608
0.746688       0.904853
0.848652       0.922167
1.2973       0.98515
1.52313       0.991648
0.834076       0.989396
0.658946       0.783354
0.751414       0.774976
1.14985       0.961696
1.03252       0.957653
0.949655       0.985647
0.919788       0.905838
0.734934       0.7843
0.883803       0.965536
0.637338       0.697024
1.07469       0.889207
0.9269       0.883663
1.25418       0.952294
0.972575       0.757319
1.31029       0.960276
1.02161       0.983472
1.09649       0.82604
1.48166       0.968352
0.95391       0.934131
0.828259       0.907414
1.24337       0.940673
0.642426       0.963427
1.05532       0.970946
1.03943       0.936708
0.955563       0.983092
1.59439       0.963713
1.23082       0.960827
1.16715       0.886344
1.38164       0.949513
1.05158       0.96938
0.948075       0.896994
1.31014       0.906489
0.981374       0.977805
0.89055       0.809888
1.25262       0.987843
0.759266       0.848486
1.03975       0.966781
0.425284       0.857656
0.831129       0.959289
0.938409       0.911761
0.553293       0.846731
1.21664       0.944309
1.76081       0.983206
1.50863       0.9634
1.36442       0.957434
1.04622       0.981025
1.25559       0.948829
0.918574       0.96673
1.7509       0.904941
1.24305       0.921859
0.688461       0.911233
1.29926       0.992549
0.969482       0.903319
0.972496       0.961646
0.640223       0.728683
0.884876       0.953161
1.23898       0.931742
1.08487       0.986608
1.02294       0.874494
1.03677       0.927467
1.09203       0.975545
1.14783       0.943712
0.467374       0.820582
1.33644       0.961769
1.33599       0.96589
1.0111       0.917711
1.14662       0.784177
1.41925       0.975203
0.897396       0.937929
0.773321       0.972962
1.38865       0.945827
0.886608       0.91998
1.6802       0.97236
1.28019       0.982239
1.08103       0.917259
1.3968       0.926952
0.853226       0.983387
0.597739       0.960985
1.39516       0.926063
1.52419       0.983624
1.4961       0.9499
1.07807       0.936875
1.01777       0.982742
0.846287       0.930228
0.833689       0.928046
0.776914       0.681959
0.800554       0.871127
1.25945       0.987639
0.832316       0.937039
1.11168       0.909728
0.502417       0.725718
1.291       0.801755
0.749389       0.947787
1.48623       0.91627
0.786963       0.31512
1.0051       0.97045
1.46599       0.974783
1.09811       0.986586
0.870257       0.921191
1.1587       0.919554
1.234       0.978174
1.11814       0.816696
1.28493       0.928311
0.753055       0.965741
0.721848       0.870136
1.05993       0.866858
0.882509       0.810234
1.17385       0.983109
1.04255       0.963131
1.15163       0.97429
1.36011       0.980844
1.05358       0.949809
1.18552       0.983249
0.828846       0.956378
1.51108       0.988003
1.09099       0.945148
1.0702       0.895737
1.2718       0.931977
0.648204       0.783593
0.706345       0.90084
1.61196       0.993171
1.15376       0.964226
1.23706       0.850134
1.24918       0.905986
0.692729       0.912904
1.17229       0.986707
0.911045       0.953491
1.18435       0.935451
1.51805       0.939572
0.845213       0.959155
0.990235       0.973761
0.793215       0.7106
1.24011       0.974288
0.927694       0.854118
0.780309       0.944786
1.16347       0.990128
1.28944       0.982533
0.809964       0.976302
0.989099       0.994814
0.713046       0.943763
1.22915       0.975932
0.887111       0.979136
1.03179       0.931709
1.12572       0.965176
1.0813       0.936099
0.84282       0.865367
1.63306       0.982442
0.625128       0.896584
0.835741       0.932335
0.966795       0.859332
1.45331       0.916877
0.667836       0.89966
0.92892       0.611348
0.492735       0.811828
1.00196       0.907054
1.13033       0.912358
0.900366       0.967781
0.918013       0.961426
1.08982       0.99164
0.80922       0.834361
1.14354       0.980526
1.12092       0.974775
0.773549       0.887961
0.520185       0.713633
1.14788       0.985263
1.18479       0.985616
1.42022       0.943334
0.825613       0.972174
1.24025       0.871446
1.37824       0.946465
1.30567       0.950526
1.0799       0.96883
0.736475       0.797957
1.03087       0.85727
1.29382       0.976279
0.658498       0.85368
1.02247       0.985766
1.09583       0.955035
1.25956       0.921135
0.537432       0.960099
0.952213       0.758845
0.884469       0.833395
1.04875       0.970312
1.01012       0.932904
1.06147       0.943827
0.856668       0.978124
0.995527       0.69406
1.23279       0.944995
0.84926       0.971306
0.732259       0.951208
1.19047       0.932419
0.656862       0.758387
0.331301       0.623751
1.40617       0.973861
1.10281       0.950314
0.826676       0.93572
0.882901       0.766505
1.8266       0.968066
0.977588       0.828193
0.895896       0.960356
1.92009       0.973978
1.00388       0.972114
0.810115       0.98991
1.53226       0.983353
0.961643       0.957793
1.09973       0.953109
1.7572       0.975369
1.41       0.94843
0.625859       0.94305
0.962644       0.957693
1.09073       0.941497
1.40496       0.98459
1.19584       0.980912
0.974709       0.900878
1.51081       0.993019
0.979988       0.921591
1.50327       0.988858
0.708804       -0.200154
0.955059       0.968709
0.457999       0.662624
1.18731       0.940493
1.19677       0.970841
0.749663       0.952384
1.18271       0.981016
1.68453       0.991637
1.18546       0.965064
1.05344       0.990802
1.97878       0.979162
1.18481       0.98306
1.21613       0.890346
1.36158       0.959768
0.896411       0.946616
0.798322       0.960141
1.28726       0.940547
1.03544       0.837533
0.539161       0.637563
1.18513       0.969194
1.00508       0.958814
1.031       0.978204
0.746618       0.871895
1.26695       0.972522
0.946585       0.866624
1.24966       0.981501
1.31445       0.989275
1.44265       0.932248
0.897749       0.878604
0.795536       0.787854
1.18921       0.989623
1.0236       0.977798
1.20585       0.979791
0.852389       0.773592
1.07385       0.899535
0.883606       0.929725
0.903451       0.915273
1.15013       0.978467
1.26527       0.963986
1.14277       0.959991
0.618252       0.844482
1.33068       0.922066
1.16957       0.759117
1.24885       0.920733
0.605224       0.780568
1.44605       0.995644
1.18791       0.984313
1.22049       0.969666
1.45872       0.943772
0.718227       0.877793
0.812553       0.935361
1.08953       0.94915
1.09784       0.971954
1.11878       0.955786
1.26491       0.975254
0.935924       0.93712
1.32876       0.963997
1.30882       0.96903
1.10864       0.961227
0.654773       0.702963
1.32435       0.891572
1.54159       0.97738
1.13242       0.982738
0.28056       0.649938
0.739951       0.949679
0.985698       0.72489
0.846598       0.875058
1.4506       0.955041
0.680382       0.876055
1.28389       0.893374
0.470325       0.693936
1.21968       0.966647
0.997605       0.942074
1.16001       0.977436
0.912563       0.893212
0.865799       0.820285
0.970171       0.642554
1.14354       0.971155
0.8853       0.837411
1.00666       0.990426
1.14082       0.989193
1.04177       0.955975
0.958747       0.956752
0.526744       0.741787
0.912957       0.881927
0.47972       0.753327
1.12965       0.776197
1.7168       0.978141
0.984203       0.963676
1.64262       0.975603
1.31967       0.982704
0.997055       0.960463
1.49901       0.988601
0.76633       0.726055
1.31399       0.969627
0.976621       0.991706
1.11525       0.974681
0.725588       0.826194
0.75058       0.930319
1.55461       0.905203
0.667813       0.936265
1.14281       0.979382
0.823744       0.623245
1.0284       0.981505
0.649052       0.879873
0.602236       0.854857
0.783316       0.812352
0.846835       0.973266
0.298995       0.609819
0.894154       0.871223
1.13543       0.987303
1.49206       0.975146
1.01565       0.910054
0.364965       0.251831
0.797625       0.958368
1.63763       0.978004
1.247       0.995255
0.851303       0.974759
1.07963       0.96248
1.04886       0.97046
0.856266       0.911964
0.945486       0.874636
1.19281       0.894923
0.551754       0.508089
0.935199       0.909866
0.896533       0.851953
0.98827       0.97381
0.882814       0.955982
0.632583       0.904929
1.42888       0.996642
0.413848       0.228741
0.975892       0.951052
1.05281       0.961198
1.40409       0.969503
0.893345       0.820362
1.79645       0.947138
0.765077       0.913347
1.83681       0.948191
0.980042       0.976752
1.27065       0.972178
1.18484       0.966802
1.16185       0.948495
0.825       0.981224
1.6949       0.983352
1.30738       0.945235
0.875976       0.938827
0.996582       0.976963
1.01619       0.967496
0.886753       0.972871
1.21462       0.982523
1.36137       0.948912
1.14221       0.978986
0.957807       0.959273
1.30774       0.978376
0.461163       -0.121014
0.977312       0.904275
1.00159       0.829547
1.31709       0.963969
0.964332       0.886369
1.1251       0.967021
0.516468       0.409427
0.907561       0.92486
0.742916       0.946808
1.45839       0.884845
1.65387       0.987822
0.825451       0.766958
1.46108       0.942151
1.1512       0.861197
0.972726       0.782769
0.953176       0.872291
0.977874       0.917062
0.719807       0.953317
0.876957       0.890646
0.767324       0.977009
1.10064       0.907626
1.1561       0.991577
1.48828       0.937775
1.49736       0.939647
0.661224       0.832012
1.17717       0.970752
0.657098       0.941422
1.16183       0.952557
1.10048       0.941467
0.695163       0.913536
0.874013       0.933788
1.29539       0.987563
0.998781       0.973347
1.15285       0.931718
0.9524       0.914355
1.22513       0.951768
1.26753       0.974022
1.32844       0.941158
1.10483       0.979552
0.703773       0.94087
1.45962       0.97849
0.902737       0.94096
0.980545       0.986123
1.20882       0.951092
1.72146       0.981017
0.805075       0.945542
1.78663       0.953864
1.57148       0.978553
1.71767       0.99297
0.893517       0.940802
1.28976       0.991465
0.521323       0.868973
0.932799       0.93045
1.3774       0.934539
0.924138       0.984044
1.48013       0.986447
0.736528       0.82981
0.946762       0.985856
1.00304       0.95241
0.729959       0.540466
0.874382       0.74347
1.11498       0.827347
0.815728       0.947053
0.891013       0.973853
1.01231       0.949071
1.37017       0.922768
1.5001       0.94986
1.53745       0.982454
1.04014       0.971277
0.566932       0.522247
1.08284       0.977341
0.840797       0.938725
0.33502       0.17057
1.49303       0.937366
1.06747       0.977849
0.666908       0.615295
1.33496       0.982859
1.19339       0.971669
0.616988       0.900501
0.981962       0.94989
1.35654       0.938495
1.59604       0.938496
0.819989       0.982536
0.816091       0.930794
0.934203       0.831865
0.898418       0.974378
1.11698       0.959763
0.855216       0.919358
0.731282       0.806402
1.32112       0.940438
1.09773       0.945371
1.57316       0.959913
0.832344       0.945427
1.39865       0.975405
0.832908       0.929621
1.13389       0.977488
1.15311       0.962834
1.07423       0.991123
1.03118       0.985732
1.24239       0.967625
1.1647       0.984008
0.728485       0.857628
0.647412       0.631079
0.555243       0.892441
1.42206       0.978669
0.578557       0.93144
0.8029       0.962423
1.21273       0.948522
0.952116       0.960786
0.879154       0.895532
1.11878       0.944615
1.04076       0.96979
0.90155       0.883575
1.03205       0.929438
0.897001       0.916265
0.776565       0.955235
0.683248       0.311604
0.978998       0.848892
1.02566       0.974831
1.74146       0.986022
1.3152       0.98305
1.39463       0.975379
0.989355       0.981082
1.24715       0.96054
1.41237       0.975588
1.65517       0.987718
1.10637       0.901991
0.873808       0.96109
0.875531       0.862354
0.751247       0.93399
1.47451       0.805408
1.26858       0.983668
0.701813       0.8786
1.05785       0.788953
1.18163       0.908299
1.42666       0.977787
0.880731       0.884046
1.22813       0.987076
1.05243       0.921346
1.23394       0.990027
1.80522       0.98696
0.94725       0.795987
1.43012       0.973671
1.21974       0.963786
0.63412       0.86334
1.0533       0.95793
1.09983       0.93171
1.5033       0.971372
1.07593       0.940299
0.990191       0.900603
1.10337       0.964081
1.2156       0.920659
1.39505       0.959725
0.622662       0.945193
1.09676       0.918048
0.532904       0.775366
1.84285       0.902163
1.16108       0.957404
0.868212       0.948702
1.09496       0.874561
1.01361       0.958495
0.79878       0.962849
1.25468       0.943639
0.819102       0.777834
0.950738       0.981325
1.60044       0.954503
1.11208       0.900309
0.621593       0.956762
1.46688       0.970631
1.4111       0.981098
1.11302       0.978493
1.13931       0.958198
0.826705       0.972822
0.812244       0.324909
0.826458       0.944741
1.36694       0.957804
0.577817       0.751078
1.02573       0.981472
1.07329       0.979101
1.45466       0.951549
0.80164       0.923558
0.563229       0.718716
0.890327       0.96972
1.04312       0.811616
0.772118       0.94686
1.65709       0.945611
0.811926       0.97082
1.08193       0.966909
1.22761       0.925818
0.909732       0.92403
0.932607       0.859605
1.05812       0.876705
1.07971       0.984095
1.24384       0.856607
1.27158       0.983206
0.887081       0.987394
0.740066       0.927184
1.21585       0.929685
0.75158       0.523985
1.57817       0.949166
0.891316       0.958202
1.09329       0.971556
0.917014       0.826464
1.05613       0.847332
1.50353       0.950966
1.13346       0.939395
1.21165       0.91641
0.882471       0.901214
1.03964       0.955188
0.812048       0.929444
1.15651       0.958056
1.07981       0.962146
0.786986       0.941513
0.612673       0.865374
1.20588       0.982252
0.428078       0.891471
1.12813       0.912324
0.971729       0.962758
0.930793       0.971691
0.993851       0.886345
0.905199       0.861819
1.07163       0.966747
0.59299       0.671942
1.04853       0.973167
0.498211       0.56413
1.05944       0.967461
1.20711       0.988403
1.22755       0.984958
1.19138       0.954706
0.9329       0.961152
0.846686       0.327039
0.87444       0.952302
1.22806       0.978888
0.68194       0.933996
1.30625       0.794259
1.00412       0.980328
0.783795       0.969215
1.08701       0.906462
1.24713       0.983985
1.44573       0.978063
0.913385       0.827643
1.31648       0.984556
0.825416       0.498243
0.88881       0.970933
1.59074       0.97859
1.35115       0.942749
0.715319       0.840453
0.81657       0.879861
0.518645       0.404447
0.45373       0.754632
1.08849       0.911256
1.19594       0.979071
1.13361       0.96512
0.950698       0.816394
1.22467       0.943751
1.22809       0.942519
0.57548       0.699345
1.10303       0.959431
0.801788       0.44795
0.667528       0.723964
0.961978       0.926333
1.1001       0.942369
0.838119       0.88004
1.23563       0.948403
0.985578       0.840311
1.147       0.942669
1.2458       0.957763
0.804517       0.974839
0.41388       0.884639
0.935556       0.939997
0.883569       0.961189
1.24902       0.955101
1.03531       0.977941
1.02987       0.982291
1.16924       0.961452
1.3393       0.934547
0.758488       0.870062
0.857099       0.888756
0.551794       0.699956
1.03255       0.909124
1.60644       0.941447
0.798605       0.959371
0.93962       0.779952
0.934365       0.962584
1.04139       0.960297
0.611864       0.537323
0.951447       0.969188
1.34984       0.980193
0.818969       0.973933
0.490165       0.362441
1.18652       0.9356
0.780788       0.938323
1.04477       0.810998
1.16656       0.983045
1.51444       0.979003
1.27692       0.945547
1.73143       0.977098
0.959651       0.958194
1.12532       0.948644
0.619046       0.845154
1.62646       0.985181
0.904557       0.849435
0.931435       0.91348
0.791762       0.815339
1.47032       0.988196
1.06087       0.990324
0.574466       0.511411
0.658088       0.772696
1.46696       0.982352
0.95931       0.987009
1.31236       0.937675
0.998673       0.936808
0.954062       0.974741
1.24671       0.894141
0.802178       0.870525
1.14001       0.986118
1.05633       0.978516
1.05166       0.938723
1.44401       0.899334
1.10178       0.987715
1.21698       0.969053
1.35192       0.947975
1.18136       0.976543
0.808055       0.838165
0.881906       0.874552
0.842472       0.945498
1.26756       0.963799
0.969444       0.915263
1.54332       0.95754
0.835261       0.959104
0.513031       0.829153
0.686752       0.467282
1.09532       0.926522
1.02143       0.959123
1.47505       0.979166
0.431331       0.780061
1.28571       0.892639
1.0692       0.965584
0.839958       0.534246
1.3628       0.963299
0.928697       0.834789
1.44172       0.980504
1.04767       0.985019
0.990173       0.963653
1.29265       0.983686
0.687581       0.941029
1.7306       0.961605
1.37182       0.85812
1.39191       0.963411
1.32074       0.926603
0.925954       0.926684
0.793551       0.943103
0.640219       0.966262
1.23595       0.939113
0.602925       0.809003
1.06338       0.883519
0.726307       0.931635
0.841808       0.788236
1.16424       0.974664
1.85786       0.985726
1.27173       0.987575
1.23789       0.978824
1.6432       0.980409
1.43846       0.994608
1.1823       0.923183
0.808662       0.861099
0.936581       0.966377
1.11693       0.954957
1.07058       0.933304
1.25301       0.974279
0.921524       0.965674
0.961078       0.946719
0.777749       0.703684
0.789012       0.977195
1.26911       0.936999
0.870398       0.943722
0.888118       0.955367
1.02835       0.877551
0.878338       0.918395
1.36616       0.98161
1.14981       0.970887
1.25385       0.942253
0.811364       0.824378
0.878402       0.89597
1.48638       0.987177
1.04119       0.923089
0.86588       0.783583
0.912251       0.928053
1.18878       0.930389
0.842395       0.895276
1.14083       0.953193
1.12618       0.964054
0.881316       0.836712
1.01362       0.907863
0.501461       0.729422
1.2497       0.989839
1.18725       0.971505
1.35949       0.95209
1.01307       0.971574
1.04198       0.945408
1.19296       0.934589
1.00845       0.984011
1.24232       0.978814
1.56284       0.977398
0.981617       0.927361
0.692202       0.953128
0.975452       0.915428
1.27285       0.919074
1.32341       0.973615
0.694316       0.93349
1.46847       0.934294
0.788266       0.889318
0.684615       0.872947
1.50672       0.954151
0.865764       0.927664
1.53659       0.972062
0.861384       0.906349
0.930056       0.959916
0.913518       0.882999
1.03469       0.95445
1.09895       0.916896
1.41639       0.982319
1.76064       0.968457
1.03707       0.931822
1.24258       0.973304
0.857908       0.60535
0.939086       0.827544
0.721478       0.527913
0.953272       0.955607
1.09967       0.986994
1.3417       0.960946
1.43873       0.963818
1.06929       0.941213
1.30244       0.885656
1.45669       0.961842
1.52553       0.974938
0.876139       0.759473
0.679558       0.918439
0.50269       0.270832
0.984881       0.961445
1.24885       0.854356
0.836039       0.96282
1.27973       0.860066
1.51925       0.965484
1.13024       0.945101
1.11732       0.821899
0.912362       0.973273
1.37324       0.990927
1.13592       0.954239
1.79947       0.93248
1.11678       0.969999
0.994533       0.885984
0.828311       0.953464
0.889303       0.964043
1.29178       0.91345
1.16272       0.955023
0.806831       0.93112
1.59579       0.953527
1.00405       0.524536
1.29453       0.92753
1.28181       0.960128
0.837443       0.888189
1.18497       0.946981
1.19353       0.980857
1.37641       0.878726
1.3259       0.950097
0.890591       0.955622
0.73445       0.754839
1.31453       0.982532
0.755138       0.907157
1.27271       0.994386
1.44213       0.909869
1.26736       0.957225
1.07575       0.967627
1.23751       0.951327
1.28129       0.969368
0.820339       0.897766
1.6639       0.936562
0.851459       0.918483
1.44465       0.976708
1.13658       0.958768
1.91817       0.981827
1.27981       0.932985
0.68911       0.959964
0.977279       0.887687
1.04938       0.939665
1.31242       0.956788
1.0333       0.893543
0.524467       0.61193
1.16726       0.97641
1.11523       0.465155
0.957399       0.975337
0.376234       0.673922
1.26751       0.948208
1.18365       0.948422
1.54859       0.947687
0.995295       0.868341
0.850422       0.97276
1.04859       0.981639
0.964249       0.898436
0.898559       0.970983
1.05197       0.983458
1.35543       0.987297
1.16506       0.900072
1.18379       0.967001
1.29383       0.958265
0.665973       0.710584
1.49761       0.977225
0.553786       0.555617
0.788416       0.971234
1.06038       0.774102
0.991038       0.904827
0.734333       0.912542
1.26671       0.965407
0.925672       0.864307
1.71995       0.937599
1.47583       0.932099
1.07295       0.979345
0.785013       0.904287
0.733533       0.92948
1.60666       0.952487
1.18847       0.959625
1.13729       0.964369
1.47709       0.958773
1.03724       0.986169
1.50397       0.945794
0.467617       0.745191
1.08965       0.954466
0.742292       0.909613
0.611102       0.0945871
1.22209       0.919161
0.62089       0.884928
1.7593       0.956115
0.505529       0.64183
1.26216       0.928587
0.77789       0.951962
0.570797       0.517589
1.39312       0.960246
1.08475       0.889808
0.560357       0.556493
1.21377       0.966918
1.8089       0.976906
0.34113       0.31368
1.79324       0.948172
1.25239       0.969422
0.823656       0.642784
0.759014       0.9367
1.11049       0.985386
0.973029       0.954995
0.793833       0.900461
0.967771       0.355254
1.04377       0.931764
0.739394       0.936624
1.10726       0.894281
1.183       0.934074
1.38084       0.974828
1.02787       0.94841
1.20537       0.961063
1.14286       0.94148
0.664517       0.981431
1.10497       0.986056
0.752332       0.869649
1.08807       0.980295
1.20037       0.97599
1.38871       0.97066
1.0908       0.960472
1.1139       0.915441
0.988143       0.865541
1.37121       0.930539
1.64716       0.980892
1.19514       0.97259
0.749786       0.986038
0.742895       0.73877
0.680683       0.907774
1.15652       0.941721
1.26349       0.982876
0.891426       0.98215
1       1
