0.688712       0.935134
0.67718       0.78743
1.06727       0.911287
0.940401       0.895078
1.09988       0.986542
0.962402       0.948636
0.907104       0.973497
1.07917       0.972853
0.820479       0.960808
0.756485       0.919501
1.193       0.813498
0.990496       0.959804
0.763331       0.915483
1.31279       0.871805
1.28745       0.954153
1.13204       0.982829
1.14484       0.951867
0.794468       0.955987
0.802887       0.771606
1.16568       0.92893
1.11636       0.956592
0.760765       0.830497
1.36622       0.989614
0.720064       0.941475
0.894539       0.874447
0.954503       0.94157
1.0373       0.9765
0.960853       0.979681
1.11032       0.942124
1.23587       0.989315
1.05884       0.784908
1.44978       0.986152
0.831606       0.376957
1.55269       0.96933
0.942617       0.996334
1.31444       0.991268
1.46742       0.965438
0.66503       0.820357
1.23918       0.954944
1.34568       0.99164
1.52282       0.965152
1.23417       0.920567
0.578354       0.926802
1.19005       0.598535
1.24511       0.973865
1.4189       0.996156
0.639812       0.869132
1.2551       0.989676
0.757638       0.950619
0.802242       0.881958
1.77718       0.978031
1.22918       0.974847
0.803787       0.959866
0.967341       0.89133
1.19986       0.942627
0.725859       0.800259
1.09979       0.986399
0.822664       0.930984
1.33377       0.93217
0.525511       0.913969
1.09552       0.890688
0.647337       0.869348
1.14705       0.991354
0.949532       0.958265
0.932406       0.971884
1.0188       0.958783
0.872928       0.905857
1.41978       0.984233
0.625478       0.926157
0.492007       0.200403
1.08385       0.973904
0.954083       0.961208
0.652464       0.706714
1.0191       0.961312
1.10895       0.949363
0.929779       0.926939
1.45856       0.990032
1.15298       0.907189
1.46329       0.93788
0.948318       0.800173
0.681283       0.922161
0.970946       0.977037
0.976867       0.952857
1.20746       0.843108
1.40383       0.987702
1.31919       0.94716
1.02857       0.811064
0.92111       0.964279
0.938548       0.934639
1.66054       0.975705
0.742407       0.93639
1.21907       0.93378
0.571983       0.638296
1.04259       0.968036
1.12644       0.935115
1.25855       0.91351
1.04917       0.978854
1.09031       0.989089
1.07125       0.975134
0.727016       0.909155
1.03831       0.98558
1.22302       0.921244
1.28648       0.976449
1.01606       0.892391
0.942577       0.969787
0.832424       0.942249
1.85861       0.956617
0.649406       0.865499
1.07127       0.925349
0.733531       0.934381
1.73228       0.96994
0.830187       0.947057
0.724062       0.874514
0.744957       0.937872
0.826197       0.985229
1.37644       0.961294
1.02019       0.764134
0.805455       0.891945
0.912434       0.903799
1.20314       0.965641
1.26104       0.968834
0.863       0.852222
0.800899       0.976227
1.16065       0.908704
0.677939       0.923542
1.13995       0.989568
1.10695       0.925949
1.04249       0.912969
0.879016       0.651762
0.795175       0.829337
1.0439       0.930505
0.85557       0.923247
0.83315       0.91924
0.550018       0.93342
0.826205       0.934475
1.14031       0.940432
1.22419       0.959689
0.999082       0.970247
0.808078       0.956479
1.67706       0.993113
0.946116       0.949218
0.817284       0.928512
0.752858       0.771619
1.24717       0.95523
1.16533       0.903338
1.2702       0.982994
1.32627       0.98517
1.0306       0.962888
0.76846       0.869056
0.749306       0.894978
1.1235       0.908984
1.18646       0.947303
0.860575       0.980657
1.69913       0.970565
1.27741       0.967603
0.840245       0.890293
1.25431       0.974195
0.744942       0.90088
1.40141       0.979783
1.39053       0.97093
1.00848       0.977284
1.20102       0.937878
0.369579       0.537344
1.47876       0.985964
1.66759       0.956674
0.478668       0.837439
0.954612       0.963817
1.22454       0.934691
1.47794       0.938294
1.28024       0.89038
1.37913       0.863549
1.50706       0.976822
0.948028       0.985573
0.830002       0.987598
1.27616       0.98312
1.13268       0.97338
1.34595       0.98984
0.586535       0.83976
0.910807       0.952131
1.6239       0.967792
0.766464       0.926568
0.955741       0.906648
0.769569       0.80696
1.72395       0.901874
1.3169       0.991221
0.740811       0.849134
0.593663       0.883832
0.715792       0.918326
0.711732       0.945272
1.24471       0.941738
1.13565       0.988639
1.48535       0.964945
0.439244       0.931315
0.832867       0.961387
1.07296       0.881418
1.2301       0.980702
0.730431       0.983545
1.38002       0.963141
1.14474       0.972838
1.04547       0.988704
1.41217       0.978749
0.841098       0.956768
1.19634       0.9463
1.05282       0.983849
1.13874       0.960923
0.922097       0.933941
1.20126       0.945166
1.00661       0.941363
1.7882       0.928312
0.962723       0.898538
1.09973       0.92897
1.56007       0.984533
0.687221       0.51859
1.67345       0.95784
0.50451       0.851775
1.39088       0.910457
1.08855       0.983058
0.794644       0.971323
1.08332       0.979828
0.670686       0.905283
0.733352       0.844822
0.936448       0.984145
1.47139       0.946531
0.748619       0.756323
1.17492       0.981623
1.12634       0.957584
1.04307       0.87952
0.581665       0.68861
1.01483       0.910733
0.942521       0.894794
1.31347       0.981755
0.957719       0.815612
0.907725       0.96893
1.20472       0.991485
1.18773       0.949089
0.899574       0.918239
1.09191       0.983254
0.926194       0.950251
1.01338       0.976242
0.546103       0.813901
1.03008       0.865497
0.960181       0.927307
0.947619       0.945526
0.868822       0.979317
0.955522       0.927799
1.57814       0.982354
1.75894       0.94521
0.763911       0.935535
1.51089       0.97635
0.793723       0.836482
0.993094       0.96838
1.14703       0.97762
1.06225       0.978667
1.07851       0.96681
0.672312       0.83524
1.30674       0.977571
1.37797       0.975777
0.970161       0.969432
0.599841       0.833288
1.44589       0.979671
1.61866       0.977165
1.41778       0.930954
0.859219       0.919728
0.82961       0.92591
1.25005       0.955292
0.904434       0.952178
1.33855       0.919739
1.57404       0.986069
0.797146       0.900483
0.934143       0.938898
1.01052       0.971845
0.70613       0.847147
1.44414       0.980119
0.791129       0.874761
1.46748       0.974875
0.755593       0.940675
1.8842       0.985765
0.499554       0.679604
0.954262       0.861526
1.03232       0.952282
1.17072       0.954364
1.10812       0.955385
1.47404       0.966094
1.4022       0.946326
1.06448       0.957803
1.23156       0.991941
0.809755       0.600795
0.88856       0.993139
0.86709       0.792291
0.830672       0.974834
0.925297       0.738285
0.864891       0.98279
0.789545       0.872022
1.19465       0.915781
0.833614       0.834331
0.970409       0.919751
0.491396       0.953057
1.02058       0.974075
0.773737       0.622121
0.931016       0.883647
0.584573       0.951581
1.22748       0.958512
1.65627       0.967815
1.11218       0.928508
0.911869       0.978009
1.13288       0.957277
1.66032       0.966757
1.0291       0.895551
0.892568       0.992507
1.04078       0.913083
0.87065       0.914174
1.2895       0.960192
0.991781       0.843593
1.16446       0.975579
1.13485       0.964499
1.58425       0.984421
0.361142       0.530169
1.21366       0.957866
0.804762       0.969138
0.444234       0.750844
1.51792       0.988542
1.82224       0.971384
1.18846       0.943943
1.11398       0.91746
0.703133       0.720027
1.30903       0.947576
0.864281       0.963783
1.14188       0.978606
1.40364       0.883878
0.937473       0.913052
1.57561       0.961449
1.18125       0.893375
1.51785       0.908559
1.13528       0.99178
0.822769       0.952048
1.31469       0.935423
1.0373       0.99485
0.773291       0.628053
0.594795       0.948087
1.20601       0.981962
1.50489       0.944628
0.857813       0.986441
0.674055       0.498496
0.795804       0.923181
0.538098       0.662936
0.986702       0.874865
0.687812       0.939084
0.762323       0.789606
1.00194       0.836144
1.31407       0.923573
0.8666       0.932621
1.38504       0.939417
0.674689       0.84306
0.960822       0.852527
1.00471       0.977124
0.916485       0.698404
1.83036       0.986135
0.89352       0.915083
0.559127       0.934212
0.825063       0.945576
0.634267       0.616925
1.27126       0.98058
1.52946       0.966896
1.07939       0.96439
1.0711       0.979029
1.5283       0.982486
1.34044       0.97304
1.13674       0.976312
1.11734       0.973138
0.912695       0.964815
1.4446       0.965696
1.24817       0.975953
0.974222       0.996577
1.0574       0.993874
1.31151       0.980377
1.20747       0.976904
1.36224       0.953081
1.22578       0.96204
0.997883       0.954648
1.27435       0.813715
0.925261       0.927305
0.768543       0.734159
0.909623       0.895825
1.57522       0.994716
1.45135       0.976265
1.11764       0.769171
0.875962       0.95946
1.1764       0.929842
0.975713       0.931095
1.37434       0.976348
1.01387       0.97804
0.575961       0.906588
0.637103       0.966835
1.33143       0.842614
1.08728       0.960303
1.32329       0.92071
1.20161       0.986485
0.593925       0.966192
1.58425       0.95455
1.02175       0.985354
0.900308       0.970525
0.919681       0.992344
1.19066       0.979182
0.492673       0.913998
0.986633       0.942498
0.919733       0.986446
1.36705       0.894808
0.906117       0.979939
0.791962       0.89161
1.11481       0.989001
1.00215       0.935898
1.56779       0.970305
0.987705       0.991446
1.12458       0.986008
1.20508       0.977463
1.376       0.978262
1.25291       0.96425
0.516042       0.884228
0.865562       0.696127
1.0836       0.939767
0.675253       0.811984
1.17357       0.936813
1.07029       0.98552
1.5863       0.972182
0.954684       0.964813
0.859475       0.938767
0.67844       0.824743
1.5719       0.922738
0.913452       0.938799
0.760208       0.855214
1.16712       0.960324
1.05122       0.965738
1.22769       0.979787
1.23018       0.988931
1.27703       0.930598
0.850518       0.97574
0.960545       0.920383
1.31314       0.97701
1.24346       0.952325
0.993437       0.961883
0.944034       0.950519
1.08516       0.981155
1.17458       0.955055
0.861607       0.947893
1.48491       0.983138
1.77108       0.965729
0.808572       0.913743
0.950489       0.94915
0.540639       0.58666
0.963552       0.975253
1.59101       0.987978
1.0353       0.954739
1.37813       0.946568
1.35304       0.985986
1.52647       0.985607
0.968013       0.945207
0.745209       0.919587
0.79327       0.751915
1.0738       0.846803
0.824125       0.921819
0.960895       0.92421
0.773081       0.72124
0.989849       0.991203
0.647999       0.937036
0.745289       0.624434
0.895104       0.978893
1.3326       0.963005
0.713825       0.902062
0.810859       0.956351
0.965667       0.952
0.871075       0.921614
0.653277       0.933623
0.769668       0.939053
0.742116       0.873496
1.39327       0.978295
1.37484       0.940434
1.09621       0.968718
1.00942       0.557705
1.10267       0.959086
0.997398       0.9325
1.19251       0.949833
1.28013       0.969536
0.768299       0.959044
1.62012       0.984972
1.19719       0.978747
1.08409       0.904561
1.07619       0.97883
0.880206       0.942194
1.1952       0.964086
0.633803       0.810233
1.17162       0.905827
0.700193       0.759768
1.02208       0.990286
1.07163       0.889818
0.86225       0.866864
1.40919       0.977909
0.827368       0.967935
0.917036       0.967837
1.20829       0.972267
0.593846       0.679472
1.30634       0.976678
1.1779       0.993488
1.38222       0.936923
1.00429       0.883833
0.766064       0.916054
1.31027       0.902786
0.957651       0.982796
0.703188       0.782356
0.952455       0.632655
1.50519       0.984592
1.194       0.97114
0.710464       0.963711
0.711155       0.885079
1.15786       0.990121
1.79265       0.949535
0.999036       0.971908
0.93613       0.977941
0.668881       0.926407
1.35681       0.953639
0.585855       0.965023
1.0748       0.987712
1.6605       0.960668
1.28134       0.959814
1.19751       0.986548
0.947661       0.971737
1.1415       0.986856
0.923059       0.983348
0.833249       0.800369
1.08816       0.990438
1.043       0.968598
1.40224       0.976492
0.782602       0.930587
1.26644       0.981589
1.23331       0.974686
0.978369       0.883137
1.18545       0.972107
0.461926       0.836085
1.5325       0.948424
0.8733       0.981089
1.40793       0.958416
1.38282       0.958933
1.09374       0.991109
0.951585       0.965882
0.881939       0.89682
1.73704       0.969743
1.112       0.940653
1.04248       0.986339
1.10248       0.89752
1.31136       0.97641
0.884286       0.976109
0.479915       0.750239
1.40791       0.985459
1.05377       0.981895
0.402996       0.152503
0.830178       0.955814
1.48582       0.954805
0.987311       0.982412
1.38341       0.946216
1.2559       0.975013
0.766331       0.849009
1.31927       0.986162
1.11847       0.986597
0.969641       0.971111
1.1996       0.99259
1.91826       0.977106
1.32508       0.975712
0.579185       0.937248
0.919343       0.950712
0.841853       0.963896
1.57074       0.980057
1.13645       0.965894
1.46651       0.988262
0.820052       0.957043
0.873766       0.969168
1.17656       0.947589
0.716414       0.917546
1.13113       0.878846
1.03605       0.932226
1.28198       0.98867
1.41412       0.97052
1.12068       0.958867
0.872275       0.895485
1.05809       0.97716
0.923219       0.933085
0.772524       0.952629
0.9787       0.926886
0.958619       0.929194
1.07761       0.944269
0.482826       0.706032
1.09559       0.974791
0.940582       0.958346
1.46825       0.973353
0.758775       0.913594
1.61273       0.972137
0.717688       0.971651
1.11981       0.954359
1.24115       0.935909
1.11185       0.972726
0.868996       0.986644
0.921627       0.940234
0.657863       0.918472
0.959091       0.989625
0.819152       0.926391
1.05518       0.924238
0.848573       0.953221
1.50413       0.986143
1.39094       0.995339
0.79653       0.898451
0.526995       0.935651
1.06829       0.989174
1.14884       0.975066
1.04895       0.980789
1.98846       0.97471
1.53344       0.984958
1.04228       0.939606
1.23456       0.986985
1.29205       0.944735
0.637835       0.776369
1.19816       0.990081
0.76409       0.977094
0.95618       0.983459
0.729942       0.936824
0.92964       0.926265
0.836237       0.877513
1.13361       0.803165
1.13755       0.921169
0.798918       0.857676
0.812475       0.936451
1.04811       0.920032
1.61647       0.951161
1.18252       0.975584
1.34956       0.953512
0.979866       0.991075
1.46612       0.980753
1.18918       0.966184
1.04052       0.857214
2.06735       0.979259
0.8058       0.959812
1.23395       0.983674
1.09038       0.949605
0.947087       0.954307
1.19943       0.878477
1.29361       0.953133
1.1126       0.979518
0.713407       0.952256
0.662608       0.922832
1.2106       0.958757
0.923132       0.829978
1.00997       0.985358
1.34156       0.977006
1.11803       0.985864
1.24995       0.992243
0.758492       0.910325
0.658347       0.871015
1.39471       0.980738
1.0787       0.961784
1.40466       0.966402
0.910345       0.972049
1.19638       0.976481
1.25495       0.977249
0.676071       0.879675
1.60697       0.982279
1.05238       0.981557
0.535772       0.91094
0.686927       0.879762
1.14556       0.945452
1.07643       0.98216
1.09697       0.886219
1.21155       0.939426
1.37664       0.960388
0.652147       0.797996
0.936208       0.960327
1.50044       0.95112
0.851354       0.952426
0.750433       0.963028
0.731422       0.915915
0.883688       0.776214
1.10796       0.947406
1.24042       0.953925
1.08536       0.976468
1.0894       0.99032
1.21475       0.897021
0.950454       0.992358
1.49949       0.98118
0.693781       0.725566
1.08755       0.945095
0.965692       0.907662
1.33326       0.980888
1.24832       0.91626
1.10821       0.979072
1.26138       0.934145
1.0084       0.737411
0.467925       0.869926
1.04867       0.963741
1.0131       0.917262
1.69266       0.917979
1.3978       0.855534
0.826073       0.879696
0.819213       0.968156
1.56136       0.905961
1.11237       0.980956
1.15425       0.982225
1.11252       0.984134
1.15984       0.966178
0.820077       0.8921
0.823768       0.808991
1.38022       0.823609
1.46878       0.974313
1.01613       0.870944
1.09243       0.951642
1.15574       0.850304
1.07119       0.947397
0.834192       0.957533
0.583935       0.619923
1.55589       0.961263
1.51726       0.955454
0.994215       0.968463
1.24951       0.943558
1.20525       0.973003
1.07423       0.978485
1.84688       0.981263
1.52033       0.964946
1.27246       0.983619
1.22566       0.980511
0.7037       0.967101
1.0057       0.841134
0.729228       0.962959
1.33557       0.860692
0.92118       0.905042
1.07141       0.920548
0.624829       0.870194
0.756306       0.783108
0.68147       0.851319
1.07707       0.956838
1.08129       0.937301
1.18355       0.956561
1.28818       0.975593
0.5829       0.850905
0.685748       0.820284
1.44639       0.981814
1.17383       0.986652
1.24242       0.995511
1.35667       0.960188
1.21174       0.841764
1.24453       0.986393
0.859669       0.965679
1.41858       0.969336
1.35819       0.921785
1.4011       0.922952
1.07386       0.877806
0.97284       0.960622
1.12214       0.960061
1.52576       0.99238
1.23305       0.970103
1.16689       0.920544
1.28529       0.927835
1.3623       0.989292
1.24434       0.992561
0.849983       0.933359
1.20867       0.979775
1.50943       0.986194
1.23002       0.979757
1.16568       0.981396
0.851477       0.977235
1.1272       0.960268
0.65877       0.854493
0.58817       0.891491
1.72777       0.972796
0.55949       0.874328
1.16349       0.968322
0.888463       0.948051
0.4657       0.883695
1.12528       0.969671
1.61856       0.981024
1.09025       0.937785
0.872869       0.932355
0.349822       0.35387
1.63359       0.989826
1.58652       0.955302
1.08179       0.932285
1.01585       0.940877
0.466225       0.590494
1.04477       0.890193
1.17578       0.970756
0.695545       0.954008
1.20479       0.994551
0.938858       0.954901
0.953491       0.915307
0.582269       0.967983
0.898702       0.988739
1.25348       0.974001
1.12958       0.963727
0.991527       0.975468
0.937176       0.960698
0.780667       0.899178
1.45517       0.92005
1.18714       0.963113
1.32213       0.980486
1.17809       0.933003
1.19854       0.988788
0.356759       0.0644265
1.31697       0.977913
1.32217       0.976077
1.61407       0.990749
1.1445       0.890346
1.17723       0.905452
0.969984       0.953066
1.15771       0.974793
0.859971       0.973597
0.988604       0.995646
0.526181       0.932503
0.693289       0.946412
0.506627       0.552655
1.08352       0.90278
1.22358       0.951554
1.0461       0.968863
0.970245       0.820171
1.26492       0.981597
0.866253       0.863939
0.749805       0.826071
1.17605       0.988243
1.15912       0.935029
1.22516       0.963146
1.14808       0.930134
0.804572       0.95636
0.954366       0.952526
1.12617       0.986224
1.98149       0.930828
0.619813       0.93983
0.75462       0.846663
1.43193       0.976528
1.0386       0.791688
0.861924       0.963202
1.12809       0.975414
0.92502       0.963475
1.06669       0.933207
0.838595       0.930752
0.95706       0.944029
1.58691       0.986989
1.62556       0.987515
1.07927       0.988022
1.15095       0.949402
1.37045       0.974308
1.71978       0.952055
1.01689       0.897504
0.848019       0.927238
1.74051       0.984204
1.32891       0.928658
0.840005       0.978373
1.29051       0.942625
0.559907       0.89951
1.53457       0.9657
1.29685       0.914994
0.968105       0.974807
1.16652       0.972802
1.1062       0.911704
1.42057       0.990132
1.36552       0.931197
0.926864       0.973864
0.433201       -0.0337042
1.00637       0.916153
1.2692       0.996623
0.52478       0.833544
1.19608       0.963625
1.20502       0.98218
0.98018       0.97069
0.980748       0.946046
0.595351       0.925859
1.12633       0.914627
1.03134       0.861408
0.93316       0.985376
1.20713       0.979203
0.937307       0.950541
0.877642       0.976765
1.31998       0.928729
1.22582       0.977719
0.632225       0.511738
0.802884       0.907584
0.982627       0.98395
0.911669       0.965773
1.05227       0.94081
1.07855       0.96799
0.781606       0.90279
0.852326       0.906802
1.50389       0.975485
1.36084       0.973274
0.987347       0.96787
0.833579       0.903363
1.30878       0.955305
1.30373       0.984191
0.861622       0.93442
0.561497       0.893317
0.653587       -0.702742
0.938896       0.929284
1.42528       0.971
1.01554       0.950958
0.721844       0.838567
1.36022       0.980652
1.22951       0.889625
0.884967       0.978791
1.02925       0.977295
1.07121       0.970391
1.69175       0.921899
1.19539       0.954008
1.26953       0.942951
0.709254       0.831147
0.527802       0.894887
0.900302       0.934543
1.43507       0.917504
1.26448       0.972605
1.33151       0.986792
1.49759       0.912516
0.5917       0.827297
1.09798       0.984568
1.34152       0.95455
0.785506       0.957944
0.692701       0.922304
1.42557       0.985534
1.7451       0.96659
0.847301       0.86392
0.950239       0.948961
0.836357       0.943502
0.526921       0.844609
1.24145       0.952139
0.711449       0.909548
1.09168       0.976196
1.52916       0.967734
1.47763       0.993704
1.25265       0.974195
1.01709       0.975835
0.965337       0.961475
1.61209       0.992666
1.01157       0.915736
1.33859       0.954392
0.696151       0.892117
0.711634       0.937815
0.445503       0.774629
1.19305       0.94055
0.831109       0.98719
1.02265       0.82703
0.895918       0.976383
0.961165       0.98565
1.11944       0.838754
0.636714       0.560517
1.64556       0.9756
0.946798       0.966434
1.16344       0.947915
1.15587       0.982585
0.737882       0.804228
0.604155       0.959729
1.19289       0.98776
1.33841       0.954448
0.557542       0.634277
0.772607       0.960493
1.26423       0.95732
0.662937       0.892495
1.38503       0.96202
1.45435       0.945284
1.20203       0.951147
1.25063       0.927525
0.815096       0.928479
1.59752       0.96052
0.939219       0.928972
1.22132       0.983155
1.36734       0.831527
0.830735       0.948653
0.798548       0.90873
1.38469       0.959161
1.52494       0.937223
1.14196       0.948732
1.12448       0.973235
1.13862       0.973464
0.803586       0.933693
1.14783       0.992075
0.991255       0.953356
1.14279       0.984248
0.960418       0.919196
1.3794       0.852714
0.678284       0.923076
1.17582       0.99317
1.10141       0.784444
0.917293       0.982774
1.05367       0.981088
1.28535       0.983382
1.30133       0.939924
1.3074       0.89696
1.19939       0.979167
1.41032       0.945054
1.13879       0.9838
0.881696       0.794207
1.25373       0.971765
1.27466       0.936707
0.810158       0.974386
1.57733       0.991437
1.11247       0.953526
1.30142       0.945034
0.719213       0.676189
1.52184       0.94843
1.14709       0.854011
0.795532       0.954003
1.00729       0.996175
0.853868       0.971275
0.731423       0.48857
1.84398       0.985159
1.0786       0.986096
0.972864       0.953308
1.29174       0.99635
1.00616       0.955455
0.709296       0.917631
1.26195       0.965393
1.34187       0.990288
1.09714       0.958845
1.39933       0.91731
0.943897       0.991086
0.636242       0.770104
0.748921       0.941717
0.682884       0.950981
0.697441       0.872875
0.689407       0.912173
1.66022       0.982876
1.22594       0.936991
1.31814       0.978493
0.868901       0.939735
0.705894       0.948102
1.01562       0.976893
1.24392       0.90888
1.37158       0.979269
0.683916       0.904819
1.59107       0.959422
0.866239       0.985343
0.783751       0.934421
0.953642       0.90977
1.45517       0.949384
1.59348       0.989224
1.09449       0.959512
0.657308       0.898689
0.684114       0.951463
1.46659       0.987792
0.973429       0.970981
0.841597       0.971922
0.500886       0.429436
1.2038       0.9295
0.626208       0.970208
0.693045       0.884352
0.865662       0.971046
0.785899       0.978021
0.700343       0.907278
1.06466       0.627889
0.441046       0.813329
0.834761       0.652441
0.539382       -0.457037
0.976892       0.971616
0.846605       0.960565
1.04209       0.930665
1.50409       0.987207
0.998078       0.962855
1.03421       0.903661
0.721286       0.9682
1.05426       0.972659
1.13123       0.980547
1.31967       0.951022
1.07813       0.888523
1.24051       0.966348
0.447335       0.658588
0.909716       0.936132
0.805564       0.984776
0.906131       0.951815
1.24227       0.954539
1.0921       0.978502
0.809727       0.973164
1.5843       0.983255
0.662081       0.671342
1.32548       0.900853
1.09146       0.988998
0.75599       0.890825
0.757955       0.95549
1.34699       0.960885
1.33601       0.995265
1.58254       0.808528
0.718076       0.908723
0.806994       0.915144
0.73713       0.973055
0.563357       0.918759
1.22317       0.957978
1.22359       0.88967
1.30945       0.979917
0.859981       0.996812
0.637474       0.967592
1.04079       0.852203
1.1902       0.922309
0.939156       0.901583
0.68411       0.866115
1.05116       0.960318
0.868637       0.974147
0.814861       0.911079
1.01311       0.985859
1.15434       0.975423
1.37291       0.95027
1.00992       0.996108
0.426919       0.798123
1.24695       0.97401
0.669008       0.223736
1.34129       0.986178
1.51499       0.947616
0.812303       0.879624
1.08815       0.972865
0.939673       0.973199
0.607725       0.894371
0.801365       0.883185
1.45795       0.990408
1.59075       0.940086
1.13384       0.954579
0.867316       0.910362
1.27602       0.899904
0.724807       0.94224
1.58319       0.970213
1.1411       0.857513
0.562726       0.608563
1.62549       0.989743
0.921126       0.964166
0.614406       0.719135
1.42298       0.840577
1.22776       0.946465
0.773569       0.958544
0.957048       0.830402
1.73164       0.96468
1.40901       0.945046
0.696434       0.822375
0.838775       0.918131
0.304162       0.338296
1.26949       0.976797
0.735013       0.857903
0.810374       0.982147
1.02187       0.990665
0.808492       0.957798
0.998966       0.70546
0.927985       0.961666
1.14951       0.984693
1.31444       0.899162
1.46028       0.958563
1.32343       0.887146
1.42666       0.862639
0.903091       0.88325
1.03456       0.942139
0.876652       0.876294
0.922488       0.857331
0.919503       0.856935
0.98276       0.976312
0.786275       0.979607
1.08919       0.995448
1.58849       0.900808
0.992883       0.968843
0.822925       0.95535
1.36321       0.984435
1.52623       0.976026
1.41644       0.976649
1.08976       0.984592
1.74682       0.937125
1.21596       0.988038
0.587985       0.962413
0.953319       0.920618
0.986127       0.909633
1.33066       0.936792
0.673383       0.771952
0.459325       0.674716
0.760809       0.967346
1.74173       0.912843
1.24487       0.972005
0.993779       0.936039
1.57805       0.987854
0.894386       0.802668
1.22984       0.997411
0.865972       0.887486
1.09058       0.965783
1.30879       0.942947
0.761288       0.939904
0.911713       0.965134
1.00385       0.805799
1.75479       0.97569
1.52917       0.98159
1.05962       0.971947
1.30143       0.905453
0.812262       0.9647
1.13488       0.981701
0.997786       0.961073
0.757506       0.958324
0.962428       0.986049
1.07556       0.915014
0.969704       0.844033
1.16302       0.895347
1.1497       0.984272
1.15755       0.961356
1.1216       0.985518
1.03125       0.921138
1.04426       0.988816
0.587211       0.699477
0.889927       0.794702
1.18101       0.943605
1.24623       0.963186
1.50461       0.958359
1.00357       0.829478
0.9895       0.949215
0.872311       0.961746
0.960304       0.942076
1.10338       0.98587
1.23475       0.88668
0.992725       0.860522
1.24701       0.97731
1.09515       0.950455
0.581099       0.821427
0.96213       0.853785
1.24929       0.972115
0.906932       0.980171
1.17988       0.995884
1.09847       0.95092
0.86558       0.825016
0.92514       0.967603
0.581712       0.739795
0.68296       0.897199
1.12825       0.894672
1.13428       0.915603
0.9366       0.945463
1.28135       0.980977
1.30536       0.886368
0.480057       0.552032
1.00068       0.97042
1.28052       0.95593
1.46492       0.947625
1.36807       0.980693
0.859199       0.91244
0.665488       0.924064
0.611301       0.138305
0.928588       0.967505
1.05013       0.913947
0.930262       0.976035
0.769693       0.789185
1.02162       0.977967
0.694762       0.715328
1.2848       0.930517
0.643523       0.576583
1.30587       0.980378
1.47875       0.975537
1.13568       0.945671
1.19305       0.957071
0.979255       0.957492
0.989418       0.907094
0.446965       0.9303
1.30155       0.944579
1.15854       0.98114
1.47455       0.974199
1.13382       0.972444
0.497213       0.64629
1.24085       0.966463
1.72131       0.942247
0.951186       0.774201
1.02962       0.953191
0.94842       0.914864
1.01274       0.878377
0.581398       0.888406
1.0187       0.985054
0.746884       0.931727
1.38365       0.946332
0.984228       0.994327
0.655658       0.890264
1.69926       0.983177
1.48063       0.969246
1.31294       0.935332
1.60327       0.847488
1.3673       0.964406
1.21137       0.989901
1.01144       0.946886
0.765404       0.809649
0.952024       0.959375
0.998525       0.976278
0.991161       0.984478
1.25403       0.951438
0.926064       0.889179
1.00145       0.825845
0.865755       0.981878
1.21639       0.974543
0.421707       0.784898
0.717522       0.906502
0.814083       0.936909
1.11788       0.92739
1.36987       0.97676
1.06528       0.850056
1.3774       0.978369
0.974342       0.943188
0.732006       0.95255
1.41805       0.992633
0.762941       0.90388
0.809409       0.929401
1.2621       0.984516
1.04817       0.980367
1.3142       0.953966
1.04645       0.987782
0.838226       0.967334
1.04925       0.920312
1.11973       0.959368
1.25292       0.865708
1.04278       0.963063
0.599095       0.749131
0.92172       0.968777
1.52477       0.991261
0.924893       0.850104
1.43645       0.985511
0.94276       0.990017
0.910713       0.79935
1.28377       0.937708
1.26288       0.948633
1.15838       0.908333
1.09233       0.937137
1.03617       0.982275
0.804496       0.697785
1.51723       0.910514
0.955297       0.912137
0.913653       0.937396
0.71626       0.942453
0.683681       0.796405
0.8287       0.988676
0.61394       0.784676
0.93049       0.359103
1.18429       0.959234
0.953822       0.978792
1.19604       0.983066
0.532555       0.84944
1.09858       0.996137
0.859993       0.964542
1.14947       0.9826
0.706313       0.975402
1.34283       0.957209
1.34144       0.952989
1.47504       0.991106
0.965344       0.982554
0.65873       0.792385
0.796645       0.8262
0.678517       0.825153
1.347       0.963609
1.06775       0.992007
0.732621       0.969906
0.909774       0.920982
0.629637       0.822631
0.633042       0.826905
1.08749       0.952083
0.809591       0.802184
1.00299       0.969552
0.902975       0.914151
0.718726       0.871031
1.32461       0.966102
1.16115       0.968611
0.966398       0.927487
0.64091       0.795039
1.36884       0.92966
1.33258       0.97874
1.22675       0.977359
1.60956       0.974298
1.03313       0.960639
0.968386       0.938998
1.20279       0.968651
0.809387       0.96303
1.42193       0.964978
1.08951       0.895429
0.740555       0.773648
0.931548       0.946665
1.03467       0.992174
1.53637       0.987574
1.11404       0.939584
0.947454       0.984812
1.28714       0.932762
1.18083       0.939218
1.14487       0.984556
1.04801       0.974856
1.55549       0.958922
0.823479       0.939195
1.35047       0.987889
1.04844       0.673954
0.611731       0.636682
0.885237       0.864534
0.936629       0.933138
0.840926       0.979796
1.23309       0.95219
0.258168       0.674232
0.840379       0.536052
1.03295       0.991781
1.63545       0.969781
1.0384       0.955714
1.06327       0.900841
0.85243       0.98756
0.849851       0.922805
0.749926       0.971709
1.35437       0.887288
0.914336       0.982105
1.10507       0.946503
0.77739       0.950799
1.52041       0.863565
0.698684       0.914126
1.04437       0.922512
1.09796       0.970025
0.869493       0.950105
1.40306       0.954565
1.00257       0.922031
1.3431       0.924842
0.849043       0.960951
1.21415       0.943683
0.835241       0.899741
1.12983       0.989761
1.10501       0.974412
1.16677       0.876447
0.806366       0.966405
1.18314       0.952567
1.34241       0.91777
1.01243       0.931708
1.61113       0.989554
1.00853       0.94306
1.36699       0.981738
0.697422       0.791964
0.608916       0.74783
0.820377       0.932821
1.44013       0.811702
0.840446       0.927911
1.11286       0.991185
0.840932       0.880781
0.873672       0.937222
1.53779       0.991115
1.3025       0.973104
1.16725       0.771362
0.993421       0.98055
1.05611       0.976155
1.11254       0.859859
1.20462       0.971727
0.999906       0.938232
1.18507       0.927557
1.16286       0.927594
1.24204       0.991314
1.39407       0.938719
1.27536       0.969409
1.31283       0.980119
0.916158       0.969376
1.29819       0.968201
1.29341       0.984424
1.20633       0.964379
1.12485       0.953426
1.32179       0.95368
1.89642       0.972
0.665534       0.950814
0.609372       0.836286
1.41367       0.981115
1.26767       0.9848
1.14728       0.994221
0.593059       0.825792
1.24007       0.956989
0.808223       0.968439
1.20638       0.901681
0.957135       0.907441
1.1041       0.985227
0.965773       0.987916
0.360324       0.724133
0.972063       0.974378
0.970159       0.975499
0.900603       0.947753
1.04129       0.98005
1.37802       0.883569
1.18236       0.990513
0.841714       0.810043
1.23229       0.96201
0.915114       0.974841
0.963756       0.980136
0.99862       0.980279
0.776916       0.967766
1.08658       0.9975
0.987857       0.941654
0.523815       0.859485
1.0562       0.84691
0.738945       0.960349
0.715606       0.89459
1.24122       0.953851
1.50647       0.708599
1.11159       0.906114
1.03543       0.950768
1.10589       0.98275
0.646333       0.922478
0.498663       0.929011
1.12442       0.931253
1.12287       0.992503
0.551623       0.786914
1.19941       0.987082
1.08262       0.957875
1.14543       0.948181
0.884392       0.865289
0.52455       0.797602
1.41042       0.989981
0.80397       0.837246
0.780081       0.959093
1.24856       0.979794
0.906851       0.954995
1.33715       0.989947
0.83239       0.921189
0.562682       0.975513
0.937812       0.937729
0.990346       0.963722
1.24594       0.997681
1.24624       0.991832
1.351       0.978167
0.883152       0.925918
0.836921       0.959956
1.0275       0.95511
0.52908       0.822876
0.920859       0.927296
0.924878       0.988368
1.3752       0.952685
0.646433       0.939014
0.808926       0.919511
0.818121       0.769755
1.69894       0.505543
1.07789       0.978453
1.2054       0.974153
0.987319       0.946623
0.928569       0.959673
0.681326       0.742748
1.0462       0.930714
0.73024       0.765364
0.879316       0.777978
0.881395       0.966343
1.08564       0.957316
1.81869       0.9867
0.904301       0.911772
1.19337       0.962603
1.02527       0.960574
1.12869       0.920783
1.25079       0.977411
1.16139       0.873097
0.909977       0.992791
1.27838       0.991132
0.915584       0.768414
1.32611       0.957316
0.929049       0.971149
1.20915       0.932628
1.01181       0.992616
0.708077       0.869158
0.64214       0.923476
1.45129       0.988677
1.28748       0.917776
0.955168       0.955573
1.23758       0.937301
1.01608       0.910443
0.456822       0.534961
1.08263       0.796844
1.03252       0.888209
0.911391       0.881809
0.863726       0.916237
1.07568       0.971903
0.920491       0.880696
1.15093       0.934932
0.916572       0.978233
0.791848       0.959336
0.978187       0.97961
0.975982       0.93953
0.908688       0.977455
1.14041       0.984949
1.30707       0.960167
0.94998       0.982295
0.864585       0.916552
0.980433       0.967503
0.884221       0.942202
1.11433       0.925953
0.934327       0.956363
0.621878       0.955549
1.38128       0.974142
0.936552       0.952092
1.31454       0.967296
1.57333       0.975868
1.30398       0.992657
1.00909       0.948756
0.941782       0.872696
0.946228       0.973476
1.48279       0.986363
0.471613       0.823579
0.868885       0.943721
0.540605       0.960575
0.775865       0.885569
1.14782       0.996879
1.4351       0.968206
0.970139       0.969914
1.00228       0.925946
0.572462       0.93597
0.454224       0.785751
1.50873       0.979504
0.828372       0.947437
1.21627       0.986335
0.758754       0.890334
1.20988       0.865583
1.20116       0.926576
0.895189       0.962622
1.34806       0.980898
0.578907       0.559667
1.57667       0.976464
1.04064       0.977152
0.724294       0.930154
0.91941       0.836052
1.33211       0.929038
1.20947       0.977365
1.05045       0.918078
0.714927       0.932574
1.4024       0.981271
0.68967       0.845684
1.14771       0.962153
0.784226       0.833181
0.688404       0.829119
1.17959       0.971356
1.04568       0.814363
1.14326       0.985065
0.771825       0.975964
1.48291       0.983673
1.11769       0.981272
1.72098       0.961628
1.05837       0.83028
0.873997       0.922927
0.869613       0.921485
0.92452       0.991705
1.27641       0.911889
1.305       0.934161
0.892113       0.960197
1.43945       0.942084
1.36745       0.959884
0.720488       0.960351
1.17847       0.91484
1.15164       0.914932
0.889042       0.972346
1.4676       0.952473
1.4579       0.924534
0.864071       0.774372
1.22015       0.987757
0.904701       0.98015
0.787287       0.976656
1.10016       0.91393
1.17496       0.950026
1.34066       0.987449
0.870055       0.812799
0.557993       0.918373
0.90027       0.869398
0.805715       0.963683
1.43228       0.960765
0.906942       0.950909
0.707753       0.934443
1.39386       0.953069
0.711421       0.964001
1.15318       0.990719
0.826285       0.953405
0.808202       0.923518
0.947978       0.964866
0.927125       0.933848
1.19612       0.966482
1.3304       0.986642
1.55899       0.929075
1.13968       0.919821
1.03952       0.962652
0.497567       0.160465
1.39648       0.976922
0.607246       0.944852
0.873004       0.947441
1.02512       0.951771
1.12486       0.967003
0.739143       0.985316
1.47781       0.979262
1.42794       0.974511
0.944197       0.981357
0.866972       0.925181
1.12673       0.961167
1.56966       0.983302
0.954266       0.978461
0.785053       0.958987
0.439014       0.479214
0.605991       0.819608
1.2345       0.988379
0.978393       0.988467
0.44493       0.806178
0.812941       0.88044
0.440881       0.78662
1.2293       0.920598
1.04232       0.990032
1.57946       0.980347
1.27958       0.984038
1.3554       0.938921
1.18475       0.941695
1.25291       0.981487
1.65728       0.94231
0.582942       0.985734
1.34304       0.990078
0.865705       0.97427
1.05683       0.956934
1.07164       0.990931
1.78808       0.980596
1.28887       0.925352
0.828376       0.702512
1.37808       0.931549
0.971144       0.968501
1.13203       0.983859
1.08295       0.955896
0.809362       0.898731
0.602292       0.812869
1.32061       0.979946
0.763771       0.838883
1.12617       0.938286
1.33567       0.978748
1.05507       0.953826
0.470763       0.956604
1.40843       0.951792
0.838299       0.954582
1.34886       0.970499
1.3343       0.985443
0.913365       0.951512
0.896923       0.968957
0.985193       0.887384
1.5703       0.97051
0.687001       0.851036
1.87727       0.977465
1.13685       0.993683
1.11071       0.929669
1.46904       0.886091
0.53853       0.766822
1.34969       0.984038
0.555143       0.633168
0.99908       0.920235
0.953742       0.95881
1.188       0.985692
0.960313       0.938936
1.1941       0.970383
0.838344       0.877817
0.831164       0.935097
0.762398       0.957494
0.556567       0.848806
1.13818       0.957019
1.28017       0.981858
1.75011       0.991895
1.45408       0.963628
0.861751       0.900144
0.804548       0.964084
1.19487       0.990798
0.872211       0.852954
1.00404       0.990977
1.27877       0.971104
1.41744       0.963685
1.04366       0.963413
0.549889       0.775015
1.2866       0.987766
0.698563       0.603471
1.18927       0.97173
1.07096       0.93731
1.36981       0.961673
1.277       0.985157
1.21384       0.989418
1.2193       0.9946
1.24269       0.954865
1.09584       0.967902
0.85435       0.833403
0.873173       0.94161
0.640142       0.84425
1.42516       0.989603
1.10037       0.917052
1.26117       0.915444
1.36286       0.979626
0.767873       0.843512
0.750883       0.939791
1.02399       0.969234
1.12196       0.982628
1.52088       0.987904
1.12102       0.918688
1.40657       0.971101
0.796388       0.963456
0.955243       0.923132
1.47847       0.988944
0.734534       0.729563
0.935722       0.98429
0.983788       0.949628
1.03609       0.959475
0.742923       0.925272
1.44552       0.972856
0.825482       0.939101
0.994902       0.980427
1.36763       0.968767
1.46054       0.969134
1.32768       0.927176
0.560989       0.903936
1.04347       0.960482
1.26454       0.969447
0.544815       0.867381
1.25581       0.992903
0.700994       0.918745
1.43739       0.967694
0.772363       0.891488
0.617284       0.811397
0.720062       0.961898
1.17512       0.979319
0.461659       0.894903
1.52149       0.97018
0.555573       0.82305
1.08356       0.839702
0.986853       0.955341
1.34781       0.908992
0.982046       0.944401
0.828863       0.952938
0.866653       0.94529
0.920308       0.971376
1.30695       0.991582
1.2821       0.956327
0.999846       0.95759
1.14197       0.926569
0.956173       0.68867
1.13646       0.950922
1.33318       0.981578
0.86114       0.945308
0.859124       0.647078
1.25834       0.957317
1.39495       0.961676
0.707633       0.963218
1.01396       0.926203
1.38236       0.89582
2.04299       0.95874
1.24662       0.832291
0.737235       0.952667
0.844987       0.991351
1.08751       0.979585
0.753386       0.842071
0.839675       0.930027
1.22042       0.979727
0.807628       0.885886
0.765974       0.907291
1.04045       0.968591
1.25702       0.920566
1.04311       0.969254
1.40628       0.929828
0.986173       0.910859
1.18595       0.93867
0.804613       0.737868
1.40049       0.913912
1.48721       0.930658
1.31707       0.974895
1.28241       0.963962
1.11959       0.88339
1.59998       0.990587
0.928441       0.954894
0.759732       0.700181
0.960347       0.908031
0.750414       0.880618
1.36102       0.961245
0.804226       0.928476
1.13504       0.981827
0.743282       0.95267
1.44234       0.9461
1.53264       0.978969
0.801347       0.914501
0.98095       0.985981
0.402491       0.43408
1.04293       0.953538
1.46223       0.986661
1.3602       0.912636
1.07711       0.943472
0.808601       0.911488
0.944739       0.976529
1.22017       0.939009
0.835828       0.935847
0.506689       0.764532
0.969338       0.937598
0.985834       0.9036
0.844211       0.940275
1.00834       0.909835
1.03423       0.959677
0.424808       0.419766
1.44695       0.991438
1.01273       0.928084
0.795994       0.909987
1.16916       0.95245
1.59073       0.972351
1.27185       0.993666
0.61091       0.929542
0.773792       0.921532
1.32388       0.923972
1.12622       0.971878
1.08119       0.970321
1.33856       0.978512
0.864069       0.87123
1.59334       0.987953
0.722824       0.885311
1.05857       0.983234
0.672328       0.922472
0.709693       0.966863
0.656578       0.912416
1.71971       0.954534
0.618948       0.933511
0.617915       0.950256
1.27307       0.96557
0.994995       0.990684
0.576476       0.677743
0.635724       0.91977
0.824606       0.975556
1.01151       0.992594
1.51178       0.981764
1.46468       0.983002
1.02971       0.903705
0.829283       0.961962
1.32024       0.979918
1.56726       0.972664
0.922966       0.97492
1.36692       0.938345
1.01997       0.953371
1.2154       0.915712
1.03458       0.975406
0.95244       0.984052
0.925472       0.907736
1.06474       0.970844
1.19443       0.988318
1.18444       0.923797
0.936658       0.931888
0.759023       0.964888
0.779973       0.879618
1.14602       0.769467
0.996516       0.965535
0.627265       0.792565
1.29729       0.986924
0.674547       0.935458
0.879113       0.958231
1.3659       0.969185
1.4811       0.962731
1.38621       0.929834
1.56495       0.77627
1.12023       0.983485
1.22554       0.969751
0.513313       0.883369
1.12182       0.958006
0.710987       0.957002
1.44553       0.960611
1.19643       0.972032
1.28759       0.94452
0.858016       0.987057
1.29465       0.970672
1.31109       0.979012
0.604667       0.882458
0.745856       0.960648
0.863428       0.952137
0.86708       0.976921
0.819268       0.944418
1.31048       0.986273
0.780923       0.821275
0.99407       0.9419
1.37773       0.972525
0.794308       0.947562
1.47382       0.986153
0.902465       0.955411
0.896535       0.877387
1.53037       0.96425
0.611419       0.868928
1.26767       0.956576
0.927939       0.823181
0.987432       0.964172
0.87207       0.960772
0.845015       0.941408
0.946388       0.946714
1.26344       0.953333
1.1005       0.950837
1.62267       0.984848
0.928239       0.9789
1.29712       0.979018
0.816299       0.951022
0.657448       0.990573
0.886289       0.924885
0.949376       0.95574
1.0619       0.984478
0.283798       -0.227565
0.916476       0.859387
1.06168       0.951545
0.947016       0.912102
0.846523       0.957784
0.648298       0.771261
1.10804       0.987206
1.14478       0.901722
1.50299       0.966792
0.83334       0.88181
0.842327       0.943769
0.596062       0.864236
1.58319       0.97571
1.32521       0.952197
0.89373       0.851216
0.536514       0.930979
1.91784       0.961445
1.03401       0.946883
1.05747       0.992927
1.18375       0.992123
0.74715       0.933457
1.366       0.980022
0.379641       0.823253
1.68214       0.932109
1.18421       0.934234
1.20587       0.946902
0.925694       0.565444
1.30843       0.986225
0.910658       0.983915
1.1149       0.974065
1.01096       0.974811
0.933136       0.887273
0.771085       0.943993
1       1
