1.0658       0.970815
1.57243       0.905651
1.29828       0.989098
0.980492       0.974185
0.88123       0.939013
1.03959       0.980972
0.875493       0.734987
1.15399       0.943609
1.29182       0.940523
1.05286       0.78879
1.23427       0.940693
0.742171       0.92533
0.792238       0.941121
1.21496       0.93946
0.624684       0.957341
1.17843       0.910031
1.19857       0.874122
1.10318       0.974415
1.1777       0.812212
0.724675       0.933673
1.09254       0.867118
0.879144       0.898797
0.969626       0.870404
0.452486       0.851029
1.1466       0.985989
1.24526       0.892088
1.585       0.958306
0.986992       0.9773
0.697139       0.903076
1.46908       0.864862
1.37411       0.961766
1.23612       0.973153
1.25331       0.981676
0.610197       0.684422
1.64929       0.949717
1.03714       0.966327
0.985765       0.909786
1.06791       0.973902
1.40584       0.974896
1.4361       0.958217
0.714819       0.98212
1.08844       0.932568
0.98448       0.906573
0.962727       0.925697
1.03651       0.872444
1.09778       0.914053
1.09219       0.949771
1.46048       0.987895
0.973062       0.98373
1.17449       0.910701
1.00227       0.993143
1.08322       0.973013
0.711225       0.898575
1.12918       0.972959
1.33525       0.957825
1.42406       0.991759
1.0788       0.714077
1.42235       0.989988
1.12854       0.906423
1.08312       0.963764
1.00675       0.926803
1.0273       0.947821
1.24685       0.776638
1.19942       0.949234
0.859732       0.856268
0.521782       0.650848
0.963099       0.890678
1.15798       0.911907
1.30194       0.960995
0.895443       0.907497
1.07594       0.974801
0.813264       0.827843
0.965085       0.911874
1.05794       0.963099
0.821458       0.931002
0.998647       0.955037
1.11187       0.876223
1.30314       0.970216
1.25357       0.842993
1.33891       0.981196
1.22977       0.924277
1.12621       0.981592
1.33626       0.940401
1.43405       0.992299
0.873036       0.97949
0.890581       0.9086
1.06636       0.974122
0.819431       0.983592
0.74973       0.957031
1.16291       0.969147
0.884373       0.734468
0.718988       0.86495
1.05267       0.944747
1.11591       0.897991
0.674151       0.921491
1.18359       0.915409
1.23299       0.948811
1.22146       0.910867
0.754634       0.980743
1.20165       0.915134
0.743752       0.93532
0.79289       0.86802
0.96623       0.897986
0.844957       0.935401
1.1011       0.936198
1.07627       0.917772
1.19291       0.956777
1.47856       0.955562
1.30434       0.972524
1.51192       0.961428
1.21268       0.965938
0.98193       0.972699
1.35468       0.994119
0.711257       0.947679
1.53323       0.982287
0.917176       0.927842
1.61998       0.985615
1.19379       0.987547
0.802344       0.726856
1.15223       0.944277
1.39139       0.93149
0.905638       0.893911
1.32557       0.963482
1.1147       0.958534
1.39604       0.930779
1.13075       0.897886
0.974441       0.981728
1.32832       0.952959
1.06726       0.920082
1.66042       0.972662
1.08278       0.934527
1.28863       0.973114
1.22715       0.974512
0.822987       0.927438
0.763234       0.926178
1.02887       0.93394
1.25693       0.946376
1.00346       0.9703
1.06664       0.974986
1.49689       0.957736
0.999455       0.942065
0.744728       0.92348
1.36059       0.965207
0.901471       0.930503
0.700551       0.866393
1.07383       0.843415
0.863816       0.963804
0.943074       0.947495
1.06141       0.838535
0.845834       0.823116
0.700104       0.909665
1.43427       0.982826
0.44061       0.596534
0.942404       0.814872
1.47386       0.980125
1.58667       0.987815
1.09087       0.987265
1.3044       0.990533
1.62515       0.969086
1.05064       0.987488
1.15146       0.992571
1.19873       0.861346
1.15154       0.957082
1.63629       0.967201
0.983168       0.896006
0.628784       0.860339
1.14208       0.942783
1.09039       0.96555
1.16397       0.964629
1.08051       0.956344
1.29433       0.96704
1.33043       0.893491
1.146       0.92936
1.05852       0.952743
0.948098       0.850681
1.39831       0.945853
0.900764       0.928315
1.15921       0.978055
0.878592       0.829064
1.03158       0.950804
0.8631       0.808179
1.37698       0.992711
1.09964       0.985828
0.713158       0.857426
0.611609       0.77092
1.56895       0.947142
1.45252       0.980427
1.00326       0.940667
1.05589       0.991029
1.11969       0.973018
1.00624       0.852618
0.749853       0.956168
1.0896       0.93815
1.08272       0.984979
0.926652       0.815207
1.08109       0.904267
0.823408       0.816694
1.07463       0.902119
1.29782       0.968991
1.27064       0.968895
1.33641       0.991408
1.22464       0.983636
0.86649       0.950061
0.828811       0.966681
1.00578       0.923123
0.836879       0.93795
1.04974       0.913163
0.820766       0.959398
0.966344       0.975466
0.945486       0.972559
1.05383       0.937222
0.711558       0.916946
1.12083       0.98751
0.910735       0.921933
0.997763       0.958565
0.93426       0.892363
1.28049       0.911116
1.13152       0.931398
0.695154       0.853245
1.11003       0.961262
1.16041       0.946767
0.992324       0.818256
1.32086       0.842791
1.50625       0.97723
0.830834       0.967238
0.830676       0.969615
1.15016       0.899322
0.847989       0.962897
1.20476       0.925265
0.637659       0.812172
1.34292       0.981329
0.985389       0.908522
1.10496       0.940199
1.53967       0.971504
1.26308       0.921343
0.911231       0.960778
0.734626       0.850618
0.87871       0.865962
0.984154       0.866112
1.72163       0.911859
1.2481       0.98585
1.28542       0.921622
1.05922       0.910143
0.896429       0.963792
1.14933       0.964023
1.0421       0.931955
1.09703       0.910799
1.00868       0.950221
1.13026       0.983104
0.809787       0.970252
1.10523       0.984763
0.896149       0.96449
0.938237       0.816791
1.43144       0.965388
1.11288       0.961723
1.21135       0.981642
1.28661       0.931207
1.05739       0.902974
1.23043       0.940895
1.19708       0.987159
1.26472       0.983338
1.05237       0.946789
1.01237       0.958936
1.09671       0.962387
0.681938       0.898794
0.743931       0.899808
0.815471       0.912916
1.1941       0.942741
0.991248       0.935756
1.00843       0.909974
1.28031       0.954405
1.20177       0.941281
1.24926       0.993282
1.17523       0.959544
1.07513       0.947434
0.778891       0.94902
1.54547       0.978424
1.04       0.967616
1.44862       0.988039
1.08565       0.91119
1.13597       0.976503
0.8013       0.932159
1.24925       0.97545
0.994563       0.958428
1.22372       0.870594
1.17819       0.800724
0.82935       0.700793
1.27177       0.962583
1.45009       0.882581
0.875624       0.97756
1.21704       0.918952
1.57379       0.959963
1.24183       0.971586
0.777478       0.9321
1.65435       0.945114
0.899013       0.978231
0.740964       0.71996
0.98381       0.819408
1.15314       0.9711
1.15753       0.960266
1.22424       0.936951
0.975693       0.986245
1.45317       0.965594
1.64599       0.94529
1.05541       0.968169
0.980675       0.890022
0.7457       0.569031
0.976444       0.953039
0.934081       0.950771
0.832684       0.966758
1.08462       0.913742
1.1253       0.965915
0.817567       0.624091
1.07765       0.96751
0.885667       0.939633
1.13806       0.883927
1.83885       0.988952
0.766036       0.786651
0.605131       0.747797
1.1767       0.936961
1.04717       0.917348
1.1584       0.890797
0.991275       0.936597
1.25031       0.751132
1.18776       0.955874
1.01185       0.864756
0.711398       0.940035
1.06223       0.964106
1.3091       0.940406
1.23983       0.973333
1.34216       0.96516
1.19694       0.96559
1.32614       0.958527
1.63812       0.975763
1.16204       0.907193
1.21984       0.972584
1.35398       0.963814
1.02916       0.943951
1.17841       0.960486
1.2202       0.89754
1.35516       0.987598
1.33493       0.972022
1.26053       0.954053
0.833564       0.871726
1.18959       0.877626
1.35749       0.924192
0.574977       0.644318
1.07401       0.928315
0.581622       0.92328
0.854552       0.953648
1.29455       0.985033
1.07106       0.961565
1.3567       0.96526
1.1211       0.969277
1.16114       0.957885
1.3358       0.98978
0.554098       0.854828
1.00765       0.957183
1.11002       0.953686
1.07487       0.978465
1.07319       0.805531
1.00904       0.942026
0.925184       0.633692
1.10757       0.946527
0.748723       0.946386
1.44781       0.970195
1.18651       0.915471
1.39182       0.937115
1.11631       0.98175
1.1767       0.970315
0.997529       0.933896
1.13668       0.87537
0.922557       0.969512
0.936704       0.894068
1.49455       0.988849
0.88509       0.906212
1.29432       0.919357
1.293       0.97387
1.01469       0.95315
0.96041       0.940272
1.336       0.969328
1.12142       0.975981
0.992059       0.907952
0.63976       0.723753
1.59193       0.987548
1.00497       0.944772
0.926836       0.886807
0.679321       0.859908
0.68047       0.836272
1.05545       0.846725
1.18186       0.922167
1.79325       0.862774
0.950852       0.976727
1.54394       0.99006
0.949271       0.948385
0.897893       0.936815
1.22562       0.976144
1.42909       0.95775
1.30056       0.587716
0.971492       0.988416
1.10791       0.974212
0.774667       0.906297
1.01197       0.808147
1.32156       0.862192
0.888462       0.911947
1.17209       0.934261
0.948463       0.934165
1.79335       0.917891
0.973302       0.759991
1.28032       0.935505
1.37635       0.925882
1.00969       0.960901
1.23123       0.960618
1.08666       0.99128
1.15732       0.946109
1.17721       0.990742
0.902319       0.982414
0.765764       0.947239
0.871698       0.794801
1.08996       0.944915
1.26083       0.9877
1.11981       0.856814
1.00284       0.73066
1.17076       0.915066
0.874965       0.928846
1.44557       0.964083
0.611774       0.84346
1.08806       0.979161
1.20992       0.942156
1.23434       0.984694
0.709211       0.926618
0.976391       0.908918
0.881664       0.872474
0.963474       0.836103
0.982413       0.942041
1.23589       0.983479
1.25387       0.95925
1.19985       0.929104
1.09446       0.864298
1.32693       0.94528
0.688961       0.949229
0.79567       0.784428
1.02946       0.991316
1.12359       0.96837
0.968176       0.951496
1.52023       0.928125
1.40146       0.926746
1.35994       0.984639
0.869168       0.892657
0.76409       0.843971
1.4753       0.980348
1.06096       0.933519
0.974255       0.951169
1.56845       0.974297
1.29458       0.985855
0.831314       0.88719
1.00488       0.951034
0.722596       0.895202
0.613682       0.626555
0.744347       0.932746
1.1983       0.909088
0.960719       0.943675
1.46458       0.894762
0.988238       0.867501
0.763762       0.834039
0.647037       0.897508
1.19125       0.985222
0.791806       0.95796
1.37651       0.922177
0.727624       0.960715
1.34806       0.948885
1.30527       0.986071
0.806023       0.948428
1.05822       0.959076
0.967508       0.925902
1.04749       0.948251
1.21955       0.987605
0.884774       0.924742
1.1267       0.945054
1.03565       0.924166
1.31794       0.950414
0.757201       0.897701
0.791556       0.920277
0.944187       0.90258
1.25022       0.943572
0.960246       0.889826
1.33993       0.954742
0.873738       0.888077
1.44896       0.935675
1.11718       0.960724
1.21556       0.96176
0.771655       0.90565
1.23751       0.974368
1.10155       0.77611
1.07941       0.82484
1.50554       0.95156
0.755189       0.860141
1.02949       0.925953
1.3203       0.830625
1.56418       0.955597
0.990251       0.98792
0.875286       0.966145
1.30202       0.965646
0.831043       0.935126
1.09231       0.974946
1.01956       0.953448
1.02462       0.940025
1.12435       0.945511
1.28991       0.965159
0.992441       0.804331
1.29174       0.953514
1.25752       0.975598
0.87231       0.905445
1.13918       0.986399
1.395       0.973359
1.10857       0.945804
0.788676       0.947924
1.12207       0.880059
1.4513       0.954213
1.11413       0.967187
1.05054       0.944415
1.08177       0.92775
1.35203       0.906504
1.43629       0.952038
0.764151       0.883481
1.10208       0.960712
1.03613       0.955745
0.718318       0.580831
1.19334       0.954682
1.0365       0.949759
0.760995       0.956162
1.05903       0.917433
1.039       0.975048
0.973525       0.919732
1.09548       0.851169
1.11628       0.914523
1.18355       0.98329
1.28191       0.914655
0.971618       0.72688
1.55313       0.977697
1.31966       0.878346
0.82664       0.945112
1.09239       0.981738
1.29391       0.885592
0.874596       0.881694
1.14934       0.98802
1.12199       0.920367
0.744937       0.863349
1.27454       0.988331
1.0462       0.964321
0.697731       0.91333
0.937706       0.935673
0.838931       0.927174
0.974214       0.858126
0.858527       0.97859
0.775978       0.919369
1.14861       0.927714
1.25337       0.957555
0.926186       0.916443
0.977371       0.938957
1.31366       0.984017
0.891327       0.948958
1.40864       0.972853
0.892354       0.97852
0.880289       0.87532
1.37743       0.816298
0.800731       0.815214
0.759006       0.90774
1.03471       0.880893
1.3704       0.971777
1.0294       0.95705
0.857341       0.964086
1.08805       0.986616
1.389       0.800388
0.673212       0.827429
1.01401       0.902064
1.12243       0.950572
1.82015       0.943474
0.935847       0.984321
1.27666       0.866648
0.955727       0.96992
1.28045       0.98155
0.690264       0.647733
1.08749       0.961869
1.2397       0.896497
1.15238       0.803068
0.987567       0.937834
0.806154       0.854592
0.641348       0.74221
0.943135       0.928422
1.15974       0.982051
1.37615       0.963836
1.54605       0.973809
1.03297       0.944691
1.06213       0.973641
0.945674       0.921148
1.07078       0.979882
0.836171       0.587204
1.29212       0.897628
0.680167       0.862943
1.30787       0.874327
1.30475       0.924279
1.02158       0.929944
0.976087       0.944114
0.966507       0.822223
1.01108       0.83924
0.677193       0.957747
1.04921       0.968883
0.97472       0.953626
1.15573       0.977807
0.967481       0.90679
1.41653       0.908869
0.787989       0.916452
1.02754       0.868119
0.820041       0.97377
1.40222       0.851065
1.3892       0.947222
1.42449       0.978882
1.22347       0.947434
0.481868       0.664533
0.84531       0.892177
1.5691       0.976414
0.774656       0.859986
0.765555       0.901335
0.97759       0.924091
1.05366       0.786482
1.13679       0.980473
1.33694       0.917437
1.04012       0.951676
0.942058       0.943665
1.12903       0.978463
1.30186       0.98841
0.948566       0.923272
1.00077       0.923271
1.42629       0.940454
1.01174       0.901988
1.14397       0.888067
1.19786       0.91074
1.26111       0.884802
1.09722       0.988142
0.732913       0.897488
1.19221       0.976321
1.26503       0.886045
0.772328       0.799663
0.764724       0.902301
0.826446       0.947083
1.46074       0.971603
1.07584       0.964645
1.01111       0.959315
1.27151       0.905442
1.25371       0.976369
1.01042       0.976812
0.970631       0.973815
1.70394       0.973879
1.28844       0.97077
1.00687       0.973688
1.01208       0.885676
1.23918       0.992668
0.742386       0.907945
1.12754       0.982382
1.12938       0.891305
0.959068       0.923208
0.694658       0.963039
0.935044       0.879299
1.16448       0.958689
1.07394       0.892933
1.08773       0.916655
1.14584       0.706609
0.982036       0.926662
0.848414       0.889112
1.05824       0.979468
0.82701       0.79231
0.895629       0.868331
1.14548       0.885896
0.852382       0.974552
1.0557       0.947328
0.852685       0.87884
0.904279       0.906198
1.33018       0.876059
1.63131       0.971302
0.886113       0.954194
1.28869       0.963921
1.15011       0.984054
0.848297       0.854345
1.07635       0.851128
1.2061       0.931608
1.21113       0.983272
1.30389       0.924908
1.07875       0.943135
1.0797       0.9831
1.49193       0.945947
1.10622       0.973641
1.51255       0.978716
1.03335       0.923762
1.17037       0.947988
1.17       0.924158
1.0496       0.973243
0.897746       0.838721
1.32475       0.982978
0.811414       0.774847
0.993835       0.970671
0.954518       0.912151
1.69781       0.960459
0.631582       0.924522
1.06819       0.818172
1.07482       0.981597
1.11818       0.913959
0.969142       0.861209
1.026       0.948997
1.35033       0.985106
1.39896       0.982895
1.61919       0.951597
0.807281       0.905723
0.856183       0.859182
1.1618       0.97899
0.877726       0.848312
0.741841       0.983612
1.05131       0.965003
1.18984       0.988812
1.02752       0.976772
0.895834       0.740043
1.18819       0.991983
0.938662       0.913503
1.37648       0.986438
1.13644       0.983654
1.595       0.943348
1.37316       0.948475
1.44629       0.96742
0.91851       0.898325
1.49976       0.972776
0.839982       0.923811
1.48753       0.9659
1.23837       0.942813
0.99299       0.962298
0.871065       0.868115
1.09318       0.818864
1.32783       0.940579
1.21712       0.976817
1.17694       0.936364
0.920945       0.972423
1.61286       0.980972
1.01738       0.987659
0.777903       0.970573
1.24949       0.978803
0.871487       0.852857
1.13477       0.947321
0.953166       0.93706
1.19696       0.991127
0.848364       0.908965
1.03107       0.855892
1.2494       0.980039
0.982065       0.958983
1.01649       0.91716
0.992161       0.914021
0.95373       0.817237
0.992613       0.851705
0.563332       0.909819
1.1238       0.933118
1.15287       0.984963
0.972106       0.950495
1.24573       0.977312
1.16987       0.92585
0.773976       0.890489
1.05096       0.961192
1.0965       0.847733
1.0616       0.746635
0.868036       0.740818
0.629973       0.892882
1.53119       0.977284
0.759414       0.958363
1.15862       0.883708
1.73583       0.9658
0.937551       0.944735
1.15877       0.932127
1.01149       0.937629
1.13232       0.959691
1.12909       0.9839
1.0687       0.977772
1.45953       0.897461
1.45882       0.93105
1.15996       0.970335
0.706138       0.929131
1.19752       0.974579
0.796948       0.966199
0.737019       0.910391
1.03532       0.980839
1.27992       0.962934
1.58793       0.94716
1.28665       0.88284
0.996167       0.885015
0.745222       0.973583
0.823012       0.95253
1.32782       0.966359
0.652279       0.834857
1.20975       0.983093
0.905768       0.909377
0.71904       0.958102
0.76543       0.906985
1.17519       0.990911
1.16319       0.873011
1.07833       0.944558
1.27317       0.702736
1.33402       0.983483
1.05885       0.970968
1.20866       0.925113
0.900223       0.854581
1.21688       0.946907
1.25357       0.965095
1.03378       0.863277
1.32594       0.964616
1.40445       0.965394
1.01858       0.904572
1.21026       0.974716
1.16169       0.926201
1.35854       0.973746
0.761638       0.933608
1.38044       0.985141
1.20461       0.985142
1.20154       0.986137
0.938195       0.94204
0.914408       0.965441
1.07426       0.849552
1.26728       0.898347
1.19759       0.866219
1.16733       0.971259
1.42764       0.961789
1.45461       0.917759
1.22591       0.955871
0.987229       0.9327
1.33146       0.917715
0.859305       0.935321
1.00359       0.941182
1.34991       0.951357
0.668605       0.94889
1.07441       0.918233
0.829874       0.92065
1.20848       0.885535
1.04148       0.882569
1.35795       0.963853
0.990152       0.81445
0.7985       0.664956
1.27214       0.902845
1.55634       0.934796
1.10341       0.871576
1.05818       0.978482
0.688212       0.955628
0.952085       0.959439
1.15502       0.972758
1.38402       0.980351
0.957263       0.963944
1.09917       0.822468
0.725508       0.903344
1.05419       0.78428
0.696502       0.833129
0.541816       0.925046
1.16233       0.964318
1.13582       0.873884
0.937294       0.90014
0.839227       0.932165
0.942032       0.948549
0.970977       0.788627
0.948507       0.940536
1.45174       0.988905
1.52413       0.978385
1.17673       0.878086
1.09029       0.78591
1.16648       0.882374
1.31112       0.887774
1.00267       0.907818
1.46492       0.978899
0.796059       0.966116
1.11619       0.982045
1.05724       0.956606
1.20498       0.956304
1.31553       0.912168
1.11102       0.878832
0.991529       0.975524
0.985013       0.944427
1.26945       0.97012
1.25795       0.938743
0.976045       0.830416
1.38741       0.945667
1.32745       0.915736
1.20993       0.918493
1.00046       0.956266
1.02907       0.900928
0.964077       0.87413
1.23439       0.984884
0.973329       0.944819
0.490451       0.87192
1.27638       0.928255
1.64667       0.987366
0.721448       0.884511
1.29739       0.893334
1.31289       0.949858
1.03955       0.92716
0.989713       0.914473
1.46237       0.952899
0.971826       0.926619
0.894163       0.938547
0.928157       0.967107
1.40324       0.947442
1.10685       0.9724
1.16481       0.844883
1.05653       0.776538
1.08895       0.993092
1.07714       0.978806
1.31396       0.94497
1.04101       0.957418
1.20129       0.856178
0.931871       0.965794
0.797008       0.737123
1.37628       0.976369
1.3639       0.95867
1.26904       0.978195
0.913407       0.922513
1.0769       0.942018
0.933422       0.961558
0.965067       0.944015
1.57981       0.980706
1.60656       0.946958
0.894546       0.965863
1.28714       0.954105
1.10929       0.95301
1.26608       0.957779
1.48506       0.970443
0.41512       0.666321
0.938475       0.908765
1.38463       0.949136
1.7587       0.944389
0.602212       0.895155
0.850091       0.921083
1.01036       0.855543
1.66371       0.99106
1.06288       0.925382
1.08099       0.950759
1.13644       0.918986
0.813622       0.949128
1.03261       0.905625
1.06905       0.932427
1.451       0.98872
0.860196       0.925585
0.833735       0.970997
1.0743       0.976293
1.1441       0.883823
0.978119       0.897802
1.50248       0.882282
1.0232       0.956069
1.18988       0.961728
1.06483       0.895174
0.767096       0.928763
1.1249       0.947273
0.843104       0.86037
1.11178       0.954308
1.15879       0.973306
1.57467       0.960879
1.35309       0.81637
1.05716       0.894705
1.09759       0.987391
1.01636       0.957941
1.54126       0.909715
1.17516       0.962636
1.04317       0.976687
0.898745       0.885143
0.741872       0.913936
1.13951       0.987983
0.905112       0.927597
1.47588       0.96227
0.912036       0.889429
0.929092       0.93929
1.25225       0.933405
0.772183       0.883708
1.15561       0.974609
0.716005       0.839141
1.42507       0.979201
1.41017       0.982281
1.08268       0.879474
1.14722       0.964303
1.04836       0.979545
1.6437       0.946809
0.989514       0.948316
1.12073       0.977721
0.885668       0.961383
1.14706       0.990826
1.21436       0.895708
1.10866       0.987285
1.16636       0.96847
0.994115       0.81618
1.22868       0.955517
0.906326       0.647941
1.0636       0.964803
1.02819       0.987829
0.8336       0.800732
0.935288       0.876887
1.08986       0.980888
1.17423       0.976221
1.16202       0.92952
0.849407       0.96108
1.05923       0.903587
1.32649       0.991358
1.09934       0.966116
1.2082       0.908584
1.04613       0.890144
0.832994       0.87494
1.09462       0.94819
1.38006       0.964183
0.788304       0.907856
0.986995       0.947117
1.27521       0.865026
0.999873       0.917704
1.48658       0.849245
1.72124       0.970108
1.0025       0.984816
1.30946       0.863718
1.09799       0.942377
0.837665       0.9557
1.15057       0.820254
1.05749       0.975815
1.42895       0.920946
0.940177       0.947868
1.20944       0.909679
1.24726       0.967065
1.09089       0.963252
1.29156       0.986584
1.22938       0.913141
1.10692       0.980109
0.7373       0.912403
1.39015       0.996145
1.14139       0.948048
1.1667       0.851709
0.580372       0.932498
0.94924       0.96983
1.20515       0.95341
1.08836       0.961495
1.17339       0.96584
0.866018       0.973756
1.28435       0.993436
1.25688       0.986426
1.48614       0.992171
0.996476       0.920284
0.60758       0.918648
1.55855       0.917378
0.646412       0.921602
0.886969       0.781578
1.41445       0.938132
0.982299       0.864723
1.14284       0.960866
1.19582       0.912998
1.5124       0.978417
0.943613       0.950201
1.5366       0.980569
1.03923       0.962921
1.2466       0.982055
0.850692       0.861699
1.21484       0.9441
1.02081       0.867232
1.70678       0.972684
1.31288       0.985229
1.40281       0.989122
1.45599       0.961505
0.779663       0.858169
1.09387       0.902517
1.46988       0.950328
1.08645       0.937404
0.987567       0.949798
0.694066       0.934836
1.02387       0.982887
0.936102       0.984674
0.980822       0.697436
1.17771       0.933014
1.42341       0.942428
1.94601       0.963578
1.28885       0.928565
1.01374       0.98428
0.990869       0.9825
0.753527       0.863118
0.943787       0.901631
0.951113       0.943353
0.991191       0.947275
0.95       0.936724
0.913325       0.938758
1.14929       0.987796
1.06119       0.972505
0.739558       0.942347
1.0846       0.981007
1.47613       0.987952
1.3821       0.982104
1.41029       0.988946
0.829081       0.86576
1.37167       0.906736
1.16664       0.953974
0.607534       0.841356
1.15551       0.979799
0.762366       0.928319
1.2908       0.898165
1.39908       0.943916
0.738731       0.957763
0.851756       0.92607
0.93353       0.915334
0.83122       0.92141
1.15854       0.920339
1.03155       0.976463
0.730706       0.938661
0.80654       0.926079
1.08898       0.826441
0.688843       0.889118
1.30084       0.98545
1.30372       0.981617
1.37475       0.968235
1.33689       0.890222
1.01113       0.923715
1.3659       0.988686
1.04418       0.894175
0.862261       0.962197
1.31355       0.914721
1.17065       0.949762
0.842493       0.924045
1.33055       0.961985
1.02253       0.89172
0.627194       0.94039
1.24466       0.982051
1.81382       0.961258
0.804937       0.885842
1.18331       0.958938
1.08366       0.986215
1.10862       0.861368
1.3856       0.917319
0.917455       0.689915
0.951656       0.929852
1.03291       0.975709
1.316       0.961333
1.19589       0.964149
1.2038       0.883054
1.49296       0.96465
1.36182       0.980475
0.967098       0.794063
1.54491       0.971381
1.13917       0.900742
0.635816       0.936656
1.15205       0.950578
1.24129       0.948895
1.25518       0.910917
1.08636       0.951934
1.00766       0.956206
1.28637       0.98973
0.986467       0.934652
1.10416       0.922239
1.43507       0.97122
0.970817       0.942613
1.11279       0.945489
0.981529       0.972013
1.16016       0.976249
0.961599       0.927096
1.40394       0.98562
1.22804       0.976654
1.75008       0.930036
1.03756       0.882319
1.29817       0.986122
0.679491       0.8956
0.832142       0.923913
1.14262       0.961499
1.00876       0.983535
0.767739       0.952438
0.958584       0.93896
0.514735       0.609398
0.56901       0.664106
0.689534       0.759403
0.961293       0.949105
1.02685       0.916452
0.824129       0.911923
1.02853       0.980708
1.1479       0.989753
1.14514       0.972409
0.451688       0.884155
1.15702       0.931185
1.34422       0.977952
1.2153       0.994691
1.51364       0.918913
0.815682       0.967452
1.00091       0.914924
0.828748       0.899051
0.961508       0.984405
0.986856       0.887817
1.24907       0.954806
0.844934       0.984765
1.18557       0.973277
1.10217       0.915808
0.860757       0.943626
1.0667       0.958507
1.58211       0.774077
1.18061       0.984895
0.723333       0.960874
1.47923       0.893654
1.34017       0.991767
0.8532       0.903713
1.32931       0.908383
0.903194       0.940992
1.29026       0.940683
1.39322       0.946129
0.70139       0.972207
1.15373       0.908977
1.11838       0.975719
0.617386       0.93004
1.46444       0.933345
1.45766       0.95572
1.04703       0.691311
1.12784       0.972792
1.06918       0.981732
1.00483       0.950023
0.774038       0.861838
0.980945       0.954745
1.075       0.891548
0.736931       0.957892
1.26121       0.965821
1.25648       0.983631
0.924609       0.937946
1.29111       0.932248
0.830515       0.878804
1.33525       0.925518
1.35393       0.947379
0.781299       0.819773
1.5419       0.98584
1.54347       0.896312
1.0098       0.92944
1.01544       0.944383
0.91541       0.922475
0.828192       0.859035
0.845979       0.828518
1.09988       0.943287
1.05526       0.967223
0.60953       0.713729
1.20523       0.984121
1.14569       0.966987
1.15032       0.951972
0.488411       0.862359
1.13242       0.914951
0.938899       0.92635
0.912612       0.950617
0.952461       0.936277
1.15488       0.985596
0.617579       0.878974
0.909275       0.967492
1.36833       0.966202
1.29285       0.964702
1.04607       0.969322
1.33987       0.965242
1.15345       0.849284
0.894298       0.970723
1.25647       0.937679
1.43554       0.934836
1.40102       0.911682
1.21749       0.827709
0.946057       0.947556
1.38076       0.944696
1.11195       0.9478
1.35128       0.991334
1.25609       0.964788
0.877156       0.863005
0.913114       0.922728
0.935443       0.94243
1.06077       0.937518
1.22776       0.955997
0.889478       0.85204
1.22632       0.9753
0.662904       0.922161
0.901627       0.950224
1.3283       0.921278
0.909883       0.9804
0.952215       0.769652
0.80455       0.731344
1.03978       0.934968
0.927543       0.989327
1.3088       0.960396
1.11262       0.940825
0.873411       0.978373
0.858549       0.975713
0.949684       0.926884
0.757697       0.861497
1.38375       0.956589
1.45821       0.963936
1.0717       0.945795
1.15741       0.946516
1.66393       0.981893
0.877868       0.955203
1.48806       0.971924
0.926819       0.865055
1.42312       0.934945
0.733325       0.841625
1.35444       0.926849
1.20079       0.975986
0.859114       0.937175
0.765346       0.973729
1.1436       0.902616
0.711134       0.900706
1.36248       0.959338
0.937577       0.963426
1.2372       0.870157
1.21489       0.946572
1.22061       0.977703
0.991997       0.93031
1.09873       0.919697
1.07752       0.886548
0.861064       0.957735
1.4912       0.987044
1.04703       0.771695
0.801084       0.880745
0.826071       0.85316
0.983197       0.963903
0.913802       0.940672
1.36844       0.96665
1.07749       0.971161
1.23998       0.951432
0.913936       0.906075
0.951576       0.939057
0.881169       0.933318
0.848118       0.902398
1.30068       0.942255
1.10674       0.958184
1.22271       0.960098
1.15319       0.913731
1.03189       0.925552
1.03657       0.92972
1.4889       0.944935
1.09237       0.966575
0.91261       0.949283
1.42098       0.954079
0.948197       0.843832
0.844566       0.935059
1.34613       0.875114
1.12016       0.942798
1.24247       0.972566
1.11118       0.960396
1.21017       0.964287
1.7983       0.99306
0.847082       0.797495
0.984221       0.907841
1.28544       0.94546
0.815479       0.571013
0.53685       0.91798
1.01077       0.963448
0.559773       0.678128
1.24383       0.896452
0.81197       0.926661
0.970125       0.8762
1.63189       0.956242
1.19337       0.96677
0.676256       0.767681
1.06584       0.953691
1.08968       0.939081
1.39042       0.931262
0.671566       0.700219
1.41666       0.938265
1.0138       0.927432
1.20081       0.975407
0.870648       0.90017
0.942205       0.948894
1.04005       0.851289
0.872334       0.929816
1.51498       0.976586
1.07339       0.934359
0.654154       0.879566
0.963143       0.931791
1.10841       0.976636
1.07688       0.945981
1.12058       0.970518
1.2744       0.895579
1.27858       0.977529
0.6831       0.819434
0.651395       0.973531
1.16653       0.983827
0.874643       0.74178
1.31459       0.983704
1.06789       0.947816
1.61058       0.863775
0.661232       0.859573
1.30812       0.974752
1.25672       0.972499
0.969402       0.902705
0.940068       0.979063
1.26176       0.906111
1.2764       0.798519
1.19449       0.902562
0.893014       0.900142
0.879723       0.92511
0.796784       0.96188
1.3249       0.950084
0.979553       0.959951
1.16284       0.94816
1.1104       0.950821
1.22376       0.944269
1.56604       0.982271
0.787144       0.835641
1.20695       0.967626
1.25106       0.94711
0.893702       0.933289
0.948416       0.95603
1.44822       0.94144
1.18535       0.94319
1.24063       0.97829
1.18808       0.963485
1.11033       0.941827
1.36507       0.941341
0.967952       0.956115
1.34378       0.931753
0.899378       0.850139
1.08449       0.923352
0.980998       0.866258
0.694995       0.667571
1.25109       0.978086
0.988114       0.96493
1.01654       0.92658
0.554577       0.964101
0.911536       0.934862
1.10377       0.979624
1.45163       0.970119
1.26753       0.957163
1.0305       0.931644
0.951342       0.898769
0.90876       0.990861
0.684157       0.923516
1.58094       0.980835
0.964299       0.862604
0.950612       0.913538
0.929626       0.925743
0.941536       0.896041
1.12178       0.974338
1.17198       0.982909
1.27484       0.885632
1.00805       0.914939
1.38168       0.906139
0.722074       0.966335
0.671676       0.954154
1.16197       0.963258
0.909302       0.956405
1.17273       0.951877
0.651505       0.928682
1.04012       0.959959
1.20387       0.955808
0.73482       0.957156
1.17797       0.977134
0.652694       0.805239
0.829387       0.726175
1.07016       0.963807
1.05285       0.966853
1.38011       0.962086
1.33255       0.774493
0.766173       0.882256
1.2527       0.963863
1.19602       0.973737
1.07514       0.901743
1.16579       0.948982
0.828416       0.928914
1.11337       0.852748
0.924691       0.906402
1.02021       0.919803
0.596432       0.808676
1.04586       0.906056
1.10574       0.81014
0.81522       0.807865
0.964838       0.896391
0.940509       0.901927
0.914874       0.903693
1.06514       0.971237
1.19233       0.953969
0.905032       0.975064
1.17875       0.977361
0.936656       0.913344
1.37542       0.971511
1.13087       0.860192
1.02804       0.913176
0.772271       0.954275
1.08776       0.983413
1.06704       0.931096
1.47627       0.969489
1.09279       0.94533
1.29783       0.916588
1.06277       0.975277
1.06016       0.888421
1.22952       0.882295
1.041       0.927039
1.48292       0.949092
1.39363       0.964899
0.894812       0.927778
1.14584       0.961446
1.10811       0.990282
1.23921       0.958895
1.70578       0.852262
1.57468       0.843225
0.956392       0.980774
1.05174       0.972954
1.13383       0.871433
1.72673       0.846001
0.962371       0.861645
1.04684       0.989582
0.919186       0.878023
0.829782       0.937182
0.552715       0.65868
1.21573       0.960365
1.1796       0.985449
1.03308       0.96836
1.15284       0.978867
1.10704       0.984167
1.08741       0.893662
1.42203       0.792359
1.05049       0.894298
0.939477       0.98336
1.18307       0.905098
0.742453       0.952242
0.958963       0.966431
1.12798       0.922193
1.35141       0.968801
0.975331       0.966797
0.554204       0.901037
1.1904       0.980158
1.06782       0.992339
0.717413       0.885686
1.27505       0.976402
1.17215       0.994274
0.736492       0.940788
1.03093       0.91392
0.648811       0.777021
0.709084       0.824
1.11323       0.983064
1.13728       0.884918
1.17422       0.970875
0.946329       0.90766
0.892002       0.966951
0.77474       0.907516
1.26881       0.954684
0.876114       0.94135
1.64417       0.94117
0.979711       0.947388
1.25272       0.791278
0.991114       0.948683
1.28972       0.96741
1.05648       0.895104
1.26929       0.9286
0.92084       0.977622
1.05558       0.828726
1.11805       0.949134
0.812315       0.862606
0.683547       0.887509
1.08179       0.937944
1.59608       0.980441
0.838044       0.902594
0.413859       0.883389
0.81355       0.837266
1.14842       0.882221
0.809221       0.725428
0.665189       0.935288
1.22224       0.927937
1.68657       0.975068
1.16381       0.717998
0.808442       0.971644
0.984592       0.943607
1.20474       0.979453
0.734356       0.958078
1.35952       0.960825
1.19835       0.953033
0.957311       0.84382
0.669805       0.886906
1.08336       0.966382
1.11419       0.970698
1.05949       0.882633
1.47644       0.959367
1.21793       0.931907
1.02547       0.965101
1.20514       0.968617
1.30007       0.939012
1.0579       0.959752
1.07514       0.982231
0.778163       0.854109
1.16316       0.964694
1.22737       0.982149
0.95999       0.924737
1.16853       0.945805
1.08058       0.972773
0.784083       0.878849
1.45569       0.935176
0.936982       0.933304
0.815485       0.918158
1.38639       0.955771
0.924112       0.941205
1.25006       0.940353
1.32007       0.922247
0.84225       0.905954
1.41867       0.959315
0.874768       0.948213
1.46029       0.967518
1.43436       0.969749
1.49973       0.957068
1.07411       0.95907
0.943457       0.963122
0.680632       0.87941
1.09997       0.959587
0.888559       0.858296
1.1947       0.938132
1.32672       0.934879
1.42217       0.988416
1.06872       0.923442
1.30798       0.971397
0.831556       0.942071
1.41262       0.970428
0.887713       0.805495
1.59605       0.872272
1.36902       0.915815
1.47957       0.987502
0.890019       0.978782
0.794705       0.959776
1.17595       0.924225
1.39919       0.978118
1.37025       0.966736
1.25236       0.983313
1.28936       0.801468
0.749066       0.909478
1.2759       0.941475
1.20396       0.940002
1.42251       0.98564
1.02136       0.8898
1.51949       0.960428
1.0719       0.911724
0.887835       0.879387
0.899771       0.645935
1.3044       0.969675
1.39763       0.736314
0.77814       0.891224
1.7235       0.952146
0.821675       0.936697
1.27957       0.962951
1.0081       0.965714
0.645533       0.897178
1.17059       0.898496
0.742626       0.875803
1.24869       0.989192
1.04876       0.880088
0.832189       0.778778
1.03882       0.934824
1.0679       0.777186
0.926255       0.932923
1.04492       0.950087
1.02855       0.959921
1.15438       0.980685
0.747409       0.890105
0.832833       0.955397
1.29903       0.98858
1.14639       0.988111
1.59982       0.861261
1.05819       0.918683
1.17518       0.967384
0.692484       0.924545
1.10067       0.9526
1.11776       0.923441
1.19711       0.812734
1.35216       0.958713
0.605627       0.709869
1.00525       0.919009
0.939297       0.953859
1.39212       0.904579
1.13553       0.925421
0.610394       0.958268
1.03188       0.955826
0.928841       0.738756
0.916358       0.940673
1.02458       0.934555
1.00178       0.736515
0.988789       0.935245
1.29502       0.956079
1.22772       0.938833
0.722457       0.767664
0.893562       0.962327
1.06371       0.765542
0.959841       0.964725
1.06931       0.841243
1.08017       0.930995
1.67053       0.947874
0.574699       0.925958
1.16285       0.984949
1.3946       0.964099
0.969338       0.873201
1.68003       0.974793
0.811604       0.899696
1.0028       0.841296
0.861653       0.901921
1.4224       0.989767
1.56603       0.868336
0.691382       0.770994
1.70414       0.933744
0.778343       0.974131
1.09873       0.972674
1.12243       0.935679
1.27784       0.925473
1.5925       0.957032
1.10567       0.929109
1.26874       0.959243
0.669508       0.668455
0.689478       0.865167
1.41988       0.853934
0.580592       0.631214
1.05375       0.914718
1.12523       0.879399
1.1406       0.88206
1.01324       0.947893
1.35229       0.991649
0.667842       0.955943
0.765718       0.941139
0.85177       0.956862
0.86993       0.898669
0.510107       0.286278
1.02054       0.979444
0.940121       0.869102
1.54812       0.967649
1.06783       0.926019
1.04759       0.973129
0.861201       0.931187
1.23844       0.978327
0.508067       0.86878
0.678579       0.89868
0.713688       0.797409
1.19265       0.959787
1.43252       0.897524
0.905635       0.932596
0.629284       0.863127
1.05861       0.893797
1.04103       0.965855
1.36895       0.94727
1.07158       0.703427
1.23564       0.98355
0.905786       0.8709
1.11384       0.904935
1.18264       0.942626
1.42469       0.971207
1.24529       0.878461
0.633497       0.829085
1.78445       0.962419
0.974741       0.889964
1.08628       0.990541
1.27484       0.919486
0.937807       0.922371
1.02982       0.924283
0.877899       0.953494
0.939575       0.944357
0.880053       0.958836
1.28918       0.969743
0.525571       0.773006
0.545004       0.891583
1.13919       0.95938
1.25606       0.900171
1.23821       0.881691
1.17877       0.973621
1.11999       0.981492
0.953646       0.973459
1.46297       0.978795
1.35086       0.991865
0.934991       0.924488
1.33486       0.907386
1.30193       0.924565
1.17737       0.926476
0.975603       0.737808
1.07472       0.971931
1.35059       0.970486
1.44872       0.93407
0.91406       0.91747
1.36       0.97421
1.22384       0.875149
0.851277       0.935371
1.42666       0.881514
1.05027       0.935155
1.65153       0.893416
1.04855       0.944846
1.03336       0.932109
1.06205       0.865507
1.32566       0.980419
1.57601       0.948207
0.884506       0.922481
1.13774       0.972866
1.12215       0.968958
1.67678       0.927382
1.29105       0.959301
0.944952       0.904693
0.984523       0.983646
0.703164       0.926487
1.33778       0.987536
1.03939       0.91172
1.01802       0.939912
1.12861       0.917414
1.83958       0.980437
0.781182       0.889288
1.18267       0.982795
1.20579       0.963887
1.19599       0.949269
1.54568       0.967781
0.869597       0.952376
0.816955       0.942359
0.938685       0.814826
0.966603       0.906827
0.664574       0.85488
1.22101       0.953384
1.39364       0.922964
0.650441       0.847024
1.22547       0.953541
1.09757       0.972945
1.46941       0.939953
0.652395       0.858507
1.33988       0.981905
1.2106       0.94144
0.885831       0.560755
0.8978       0.983508
0.882652       0.986904
0.853969       0.949557
1.06125       0.979893
1.23742       0.82372
1.28157       0.937742
1.46666       0.935001
0.560325       0.970814
1.09826       0.866064
0.850785       0.879133
1.11995       0.932173
1.07413       0.979745
0.904611       0.977861
0.917516       0.927403
1.1935       0.960396
1.09216       0.964618
1.31543       0.992567
1.20514       0.968757
0.848678       0.967839
0.839744       0.923412
0.758694       0.955542
1.10565       0.978059
0.874887       0.900364
1.14157       0.983271
1.62021       0.929859
1.20089       0.907409
0.92204       0.990094
0.845582       0.883212
1.40963       0.984201
0.784032       0.941678
1.23048       0.939427
0.801069       0.904121
0.797016       0.893368
0.926265       0.875637
1.20369       0.916191
1.07378       0.932319
1.10161       0.93603
1.10416       0.977035
1.14912       0.933519
1.13327       0.888235
1.07615       0.982005
1.53297       0.981971
1.20876       0.935413
0.865651       0.649908
1.49899       0.964585
0.710574       0.895558
0.763855       0.979813
1.07069       0.966501
1.35008       0.962171
0.808895       0.863731
1.12751       0.976351
1.95454       0.931993
1.41747       0.9718
1.04478       0.978408
1.16096       0.937518
1.4321       0.963559
1.09168       0.975016
1.70036       0.981467
1.09818       0.987642
0.547852       0.876086
0.822913       0.949414
0.743711       0.889858
1.09503       0.986384
0.761055       0.898213
0.999802       0.935922
1.05282       0.900847
0.891875       0.980818
0.565006       0.776265
0.899689       0.977947
1.28774       0.95513
1.05402       0.830526
1.19815       0.942952
1.27623       0.963589
1.10577       0.81071
0.738652       0.897533
1.05444       0.936703
0.964672       0.98534
0.908038       0.966996
1.0245       0.963521
1.08048       0.976406
0.733739       0.778988
0.984181       0.941803
0.900846       0.974514
0.764091       0.962511
0.598456       0.809337
1.03075       0.919716
0.727152       0.916207
0.635851       0.928383
1.04896       0.962948
1.20106       0.922526
1.0438       0.969869
0.96592       0.936522
1.03296       0.974495
0.999376       0.931481
1.57748       0.984502
1.01809       0.945
0.908538       0.866577
0.940204       0.964357
1.0645       0.958218
1.35681       0.924353
1.41148       0.876633
1.48642       0.91027
1.54066       0.931534
0.988542       0.974096
1.07517       0.894635
1.14623       0.834067
1.2653       0.899733
1.04045       0.933631
0.605447       0.866243
0.682631       0.710888
0.57637       0.801285
1.24304       0.983515
1.10941       0.923449
1.2982       0.972105
0.987244       0.861584
1.04221       0.864304
1.1397       0.925832
0.927025       0.950899
1.07467       0.942415
1.08722       0.797845
0.910932       0.854889
0.974889       0.985708
1.17776       0.968432
0.96289       0.977603
0.798891       0.904706
1.30504       0.967443
1.10544       0.957315
0.965564       0.952054
1.25451       0.956362
1.27429       0.976597
1.16801       0.968952
1.17747       0.939349
1.51148       0.842711
1.55643       0.968605
1.18715       0.91695
1.25635       0.953916
1.25599       0.939447
1.0073       0.948834
1.05505       0.876512
1.21507       0.970477
1.42134       0.934949
0.828228       0.386496
0.903663       0.930928
1.18712       0.969367
0.955029       0.950499
1.25696       0.978324
0.763937       0.970141
1.17192       0.971591
1.12345       0.949176
1.30684       0.94756
1.0519       0.956103
1.23951       0.912559
1.01734       0.977503
1.21913       0.990064
1.24559       0.87373
1.09094       0.847841
0.934136       0.843716
1.26869       0.987952
0.949173       0.961726
0.747141       0.748013
1.06951       0.938345
0.944777       0.901377
1.08197       0.937198
1.15753       0.962892
1.3714       0.968211
1.22318       0.936191
1.38416       0.983629
0.714989       0.91357
1.19094       0.972414
1.09581       0.898033
1.21744       0.964773
1.19163       0.884126
1.37908       0.959977
0.967245       0.905828
1.18575       0.967893
0.842576       0.921462
0.777039       0.729768
1.07994       0.977901
1.33722       0.919376
1.66872       0.977449
0.922274       0.985501
1.01251       0.984586
1.29949       0.973767
0.722303       0.889649
1.10207       0.9462
0.936123       0.862103
0.433749       0.913475
1.04994       0.81418
1.08267       0.816841
1.0997       0.879594
1.32986       0.949528
1.14467       0.848407
1.50844       0.939315
1.23605       0.993021
1       1
