0.802308       0.980408
0.893339       0.949547
0.989021       0.968037
0.990483       0.941237
0.879217       0.976882
1.22309       0.97575
1.03789       0.881939
1.24806       0.84034
1.18206       0.991157
1.13222       0.955097
0.938409       0.984087
0.586936       0.966372
1.08394       0.98363
0.970297       0.899633
0.324604       0.370027
1.10756       0.953904
1.04378       0.978759
1.10175       0.996661
1.05178       0.97415
1.13196       0.980811
1.12372       0.981998
1.14944       0.988375
0.869163       0.969456
0.957743       0.910614
0.948393       0.96324
0.86896       0.972446
0.999447       0.968058
1.32227       0.985391
1.25714       0.95998
1.05276       0.956393
0.923836       0.981699
1.22999       0.963986
0.954355       0.980042
1.32264       0.992204
1.07834       0.983159
0.933032       0.884623
0.656217       0.83898
0.847721       0.843743
1.02814       0.972844
0.895716       0.905008
0.844799       0.954032
1.71182       0.982485
1.09251       0.982553
0.891525       0.971731
1.34469       0.97543
0.466073       0.858719
0.810625       0.951423
1.23873       0.966444
0.831999       0.960244
1.46701       0.978224
1.44127       0.977438
0.97373       0.949212
1.28413       0.967206
0.972964       0.933413
0.704141       0.949508
0.845792       0.889894
0.677294       0.701855
1.26318       0.995358
0.672367       0.914922
1.08443       0.99196
1.13624       0.940838
0.558891       0.842938
1.02662       0.968389
1.4035       0.967454
1.10697       0.969584
0.956347       0.963481
1.46964       0.988314
0.850089       0.954153
1.08296       0.976853
1.04116       0.940303
1.56481       0.976572
1.54187       0.982873
1.30788       0.985929
0.97529       0.884187
0.975818       0.945489
1.34413       0.978604
1.45874       0.952661
1.37116       0.970781
1.48528       0.895618
0.582661       0.861087
0.957555       0.98841
0.514699       0.787189
1.32889       0.969526
0.833891       0.991057
0.756552       0.976396
1.06473       0.943632
1.17725       0.972144
1.41487       0.975399
1.10269       0.988658
1.15981       0.990217
1.40045       0.90171
1.1404       0.942741
1.40082       0.949989
1.36753       0.986193
1.34766       0.986811
1.00252       0.931406
1.47714       0.935979
0.966257       0.968589
1.19655       0.986673
1.47548       0.971995
0.769848       0.894099
1.06344       0.932864
0.509618       0.782394
0.80327       0.875481
0.830204       0.938788
0.655224       0.950843
0.772475       0.922045
1.42124       0.976565
0.92487       0.953062
0.674933       0.912697
0.746827       0.83701
0.838089       0.96631
1.07348       0.985773
0.857981       0.975492
1.53922       0.870053
0.861212       0.972749
1.20118       0.98574
1.27651       0.975809
0.786897       0.983118
1.096       0.966377
0.838352       0.986123
1.25265       0.867943
1.13393       0.93988
1.28109       0.963924
1.33508       0.914451
0.54362       0.89126
0.974989       0.985071
0.922205       0.964533
0.990156       0.978849
0.795774       0.956397
0.778067       0.973779
0.682018       0.376999
0.969806       0.943764
0.964642       0.980633
1.49823       0.976253
1.01515       0.990613
0.695142       0.578461
1.43768       0.990151
1.0471       0.957379
1.19741       0.988865
0.628974       0.939797
1.64078       0.965513
0.773863       0.987248
1.16587       0.962984
1.11223       0.977692
0.793084       0.983572
1.06127       0.992143
0.805663       0.886034
1.11938       0.943298
1.74004       0.986189
0.593264       0.816014
0.820071       0.899076
0.897101       0.98795
1.1338       0.981843
1.04912       0.969946
0.713112       0.988258
1.4636       0.984092
0.910478       0.948518
1.14329       0.984876
0.865832       0.947071
0.773732       0.935634
0.897983       0.962267
1.14772       0.968121
1.13883       0.983047
1.09407       0.977447
1.24987       0.957298
0.922342       0.960712
0.818477       0.964866
0.797634       0.895579
0.739434       0.932423
1.11688       0.977439
0.907694       0.983093
0.918058       0.965002
1.05742       0.893123
1.45595       0.9824
1.2784       0.948904
0.875227       0.958573
0.897621       0.956045
0.745199       0.969916
1.0122       0.926661
0.771732       0.840414
1.3369       0.984369
0.705323       0.74195
0.654956       0.97049
1.45152       0.990633
1.36985       0.963281
0.538832       0.925422
0.965747       0.979554
1.09285       0.990505
1.35874       0.95604
1.12654       0.957221
1.39528       0.96128
1.42037       0.977854
1.20524       0.908499
1.49863       0.987505
0.85928       0.972974
1.27407       0.967348
0.799571       0.784058
0.523308       0.906363
1.07403       0.828371
0.958186       0.9851
1.59369       0.987243
1.27389       0.994165
1.02724       0.98068
0.886782       0.979306
0.915138       0.845058
1.10061       0.956206
1.58951       0.978094
0.84078       0.948846
0.955628       0.985667
1.15762       0.895029
1.2175       0.946849
0.950386       0.987396
0.979039       0.982001
0.654688       0.929972
0.721947       0.975544
0.460747       0.87555
1.25578       0.989098
1.31459       0.976642
1.34405       0.992391
1.42894       0.9885
1.07856       0.974884
1.01412       0.96077
0.790998       0.98496
1.34638       0.986784
1.46689       0.892214
1.28851       0.971519
0.735815       0.979247
1.14209       0.971747
0.832457       0.976489
1.429       0.977615
1.19716       0.981639
1.09894       0.941982
1.1789       0.987881
0.747128       0.681295
0.814834       0.882238
0.800271       0.854446
1.33758       0.978878
1.05194       0.969562
1.42697       0.985111
1.13011       0.988543
1.23199       0.985817
1.16956       0.906671
1.18005       0.97403
0.958294       0.940384
1.41351       0.988564
1.48275       0.990649
1.25715       0.983055
0.560456       0.932842
1.34568       0.982855
1.40943       0.974864
1.40184       0.993266
0.887851       0.978731
1.21809       0.989585
1.42715       0.96393
0.983804       0.947664
1.00845       0.969281
1.01718       0.970338
1.01649       0.886633
1.19007       0.974592
0.574014       0.761893
1.01574       0.908251
1.26945       0.984065
1.00069       0.99134
0.951849       0.845965
1.10155       0.933976
0.890298       0.977973
1.02891       0.959607
0.634184       0.544506
1.13254       0.951706
1.5971       0.98284
1.38652       0.990163
0.765396       0.982219
1.2031       0.981439
0.752955       0.856759
0.715194       0.935804
1.07139       0.937931
1.35677       0.910812
0.925878       0.957538
0.913357       0.959931
1.22508       0.971846
1.11689       0.940953
1.37811       0.979856
1.44741       0.921614
0.656869       0.980729
1.09594       0.959092
1.27216       0.965003
1.60889       0.989196
1.10002       0.973289
1.4817       0.969025
0.908846       0.993506
0.863694       0.894166
1.07573       0.974909
0.879639       0.927097
1.37778       0.977033
1.33925       0.962539
0.944699       0.947148
1.06901       0.978618
1.50283       0.969642
1.06355       0.993495
1.82423       0.946851
0.7458       0.929504
1.20166       0.972318
0.804972       0.884444
0.98549       0.978994
1.33795       0.979315
1.44278       0.991691
0.722064       0.941267
0.891535       0.985264
1.19191       0.953832
1.09133       0.974215
0.868366       0.989196
0.819863       0.973937
1.28573       0.983629
0.814905       0.920307
1.42846       0.989817
1.04019       0.98081
1.29357       0.971993
1.45439       0.97992
0.513647       0.72501
1.06199       0.987055
1.5519       0.989356
1.44371       0.964651
1.16839       0.979483
0.98213       0.969671
1.02473       0.901546
1.56516       0.917051
0.951887       0.972323
1.01673       0.964127
1.23774       0.989181
1.37339       0.978002
1.27462       0.978231
1.21042       0.993222
1.16059       0.955057
0.656824       0.725754
0.640072       0.953042
0.856672       0.968268
1.00164       0.96622
1.1965       0.947303
1.28945       0.98026
1.40574       0.984062
1.07437       0.984498
0.882501       0.960581
1.02278       0.978387
0.692204       0.8647
1.02232       0.973694
1.08215       0.983688
0.798856       0.962557
0.962373       0.874543
1.04964       0.984242
0.750258       0.858735
0.596362       0.949267
0.9962       0.959173
1.03233       0.967947
1.05335       0.969679
1.32647       0.975054
1.06399       0.918627
1.22574       0.892056
0.700346       0.955264
0.886414       0.980073
0.470616       0.669698
0.634614       0.724149
1.07132       0.974362
0.983056       0.933921
1.30384       0.959506
1.01291       0.984302
0.696452       0.876558
1.46931       0.989059
0.950524       0.953884
0.547768       0.964627
1.11226       0.987143
1.55713       0.97292
1.09874       0.987808
0.699125       0.960896
0.721701       0.967516
0.881396       0.993903
1.01441       0.98968
1.13228       0.988506
1.29861       0.967939
1.39995       0.926917
1.17719       0.956285
0.887267       0.938512
1.16244       0.946795
1.52732       0.96649
1.16294       0.982602
0.909562       0.928944
1.53171       0.980548
0.612769       0.666251
1.29246       0.989059
0.518792       0.804295
1.3097       0.987429
1.34506       0.974321
1.25228       0.965359
1.18736       0.981737
0.833659       0.930131
0.465712       0.621077
0.907983       0.951015
1.29472       0.97449
0.599519       0.933748
1.4184       0.928491
0.827235       0.954395
0.863836       0.915929
1.22598       0.963638
0.98385       0.936259
0.710189       0.97181
1.23729       0.973737
0.719136       0.761205
0.601688       0.862331
1.10345       0.98592
0.968204       0.969908
0.982713       0.965985
1.43037       0.966649
1.05289       0.977627
0.890739       0.939435
0.71756       0.673212
0.934355       0.908026
1.23398       0.985683
1.12547       0.982774
1.23239       0.965152
0.996708       0.951471
1.57763       0.982561
0.868307       0.974403
0.983353       0.979122
1.14952       0.980814
1.11487       0.945782
0.936179       0.984995
1.0533       0.966667
1.15792       0.97568
0.900259       0.931409
1.20895       0.990265
1.13304       0.957017
0.87027       0.983594
1.10283       0.987705
0.719155       0.887169
1.50355       0.982799
0.720002       0.919517
1.52441       0.936028
0.760613       0.85334
1.01542       0.953178
0.879198       0.967002
1.37574       0.978658
1.27739       0.959285
1.18923       0.961678
1.07609       0.96197
0.879598       0.988484
1.21984       0.942396
0.960134       0.971615
1.26878       0.993234
0.699406       0.784111
1.53993       0.990221
1.39596       0.986132
0.973143       0.953452
0.915332       0.989087
0.984149       0.961099
1.35039       0.957506
0.77933       0.85933
0.897249       0.918201
0.754439       0.81543
1.27327       0.884504
1.2118       0.989508
0.989237       0.98573
0.84399       0.931571
1.07555       0.986391
0.86081       0.987011
1.33225       0.868833
0.8613       0.943432
0.969398       0.980024
1.18825       0.980808
0.812728       0.879374
1.42301       0.987711
1.31379       0.965114
0.907593       0.909648
1.18744       0.991136
0.862569       0.969862
1.44616       0.892573
1.48873       0.964896
1.23538       0.97664
1.20861       0.973525
1.39044       0.971881
1.02071       0.985403
0.384219       0.00810222
1.13498       0.989868
1.34282       0.97188
1.08524       0.929668
1.3119       0.987235
0.618837       0.980003
1.0516       0.990673
1.31255       0.979772
1.12352       0.992493
0.907707       0.958787
0.496775       0.192027
0.998124       0.986667
0.916083       0.916004
0.795823       0.949609
1.24539       0.960871
1.15969       0.945973
1.28998       0.987372
1.10493       0.983405
0.89023       0.964988
1.56083       0.944657
1.08814       0.985761
1.14763       0.972711
0.985029       0.963956
1.5388       0.927384
1.8735       0.911526
1.09006       0.985199
0.748508       0.951096
1.01964       0.973931
0.57291       0.689006
1.34555       0.946085
1.6436       0.970089
0.837465       0.934622
1.25289       0.97225
0.960367       0.991601
0.779723       0.987426
0.894101       0.919995
0.969631       0.969916
1.2022       0.946706
1.4157       0.982135
0.86518       0.986727
1.19172       0.890486
0.96021       0.907792
1.1032       0.983083
0.914005       0.919037
0.983613       0.982068
1.32138       0.973081
1.20124       0.96749
1.2928       0.97672
1.64245       0.983028
1.24871       0.931612
1.37161       0.968932
1.20064       0.982467
1.2595       0.970411
1.31288       0.99053
1.18665       0.986127
0.665469       0.955342
1.11908       0.963453
1.43807       0.982496
1.23057       0.98832
0.652794       0.460632
0.6701       0.960977
1.43712       0.989217
1.45194       0.926555
0.808606       0.937819
0.881548       0.984999
1.00865       0.984705
1.22545       0.956087
0.91799       0.957653
1.05479       0.980138
0.751566       0.903109
0.948712       0.980385
0.772658       0.786551
1.22026       0.971452
1.52738       0.982293
1.33786       0.962499
1.19022       0.981673
0.93395       0.958673
0.835012       0.914543
1.27968       0.981175
1.30316       0.954326
0.889942       0.950105
0.862888       0.911976
1.21229       0.945404
0.758145       0.967014
1.47354       0.989162
0.725822       0.853483
1.20372       0.979754
1.47066       0.974866
0.722722       0.899381
1.49369       0.981244
0.860648       0.986801
1.05295       0.984782
1.50061       0.983545
0.84868       0.990634
1.33923       0.960728
0.847282       0.990044
1.41795       0.974512
0.902371       0.940806
1.21713       0.935168
1.10276       0.910744
1.06239       0.963853
1.49427       0.990237
0.960669       0.963631
1.18443       0.988226
1.11765       0.982027
0.841246       0.976938
0.717055       0.956345
1.56428       0.952405
1.03876       0.982761
1.09854       0.968591
1.0987       0.943018
0.910523       0.945056
1.72892       0.970494
0.444169       0.704214
0.7916       0.970135
1.08492       0.971161
1.09832       0.977952
1.05858       0.972075
0.881124       0.981434
1.01699       0.953475
0.905045       0.93137
0.944615       0.971746
1.31737       0.971035
1.12325       0.962858
0.949077       0.981324
0.767131       0.938565
1.31704       0.96874
0.664411       0.905118
1.09972       0.935639
1.12791       0.968595
0.579831       0.774527
1.83531       0.964173
1.36813       0.980555
1.12561       0.929507
1.25369       0.977502
0.536568       0.824591
1.33127       0.994509
1.28899       0.982268
1.33443       0.954867
1.22492       0.976724
0.826021       0.972804
1.21446       0.990072
1.64376       0.964127
1.48153       0.980255
0.953311       0.940324
0.664117       0.905238
1.20565       0.979592
1.23943       0.979891
0.835318       0.810436
0.939897       0.98693
0.739954       0.984177
0.714737       0.815253
0.703465       0.976584
1.38884       0.980427
1.19237       0.975456
1.01203       0.975284
1.26452       0.953004
0.695542       0.92867
1.16681       0.922538
1.30384       0.962879
0.803402       0.9281
0.911959       0.979428
1.50597       0.979384
1.15876       0.95643
0.58769       0.606236
0.868072       0.968318
0.66009       0.91589
0.642427       0.458867
0.937001       0.968126
0.947107       0.943447
0.805975       0.892129
1.53357       0.972111
1.29917       0.985478
0.906014       0.988271
1.06542       0.982095
0.724329       0.917078
0.86387       0.956865
0.994228       0.97137
1.18159       0.849886
1.2453       0.986588
0.924315       0.977018
1.01475       0.99044
0.694038       0.908712
0.830959       0.974078
0.836826       0.89488
0.621817       0.930927
1.45833       0.96576
1.10784       0.954933
0.609604       0.725556
0.941386       0.96806
1.28311       0.919419
1.144       0.889561
1.02255       0.98305
1.24115       0.984575
1.50674       0.988609
1.0759       0.972523
1.24039       0.916723
1.28785       0.932732
1.04686       0.840075
0.937608       0.952935
0.938397       0.995168
0.910551       0.951112
0.953722       0.956089
0.711332       0.96024
1.03715       0.959146
1.00469       0.985282
0.526374       0.928178
0.881167       0.655141
1.04096       0.945099
1.31526       0.944417
1.49966       0.939941
0.778245       0.965771
0.760036       0.626007
1.1982       0.971879
1.39986       0.995227
0.851368       0.984343
0.944903       0.96886
1.34816       0.972935
1.01802       0.955413
1.32425       0.960205
1.23497       0.960858
0.919596       0.973178
1.18536       0.978894
1.08873       0.959372
0.951261       0.957468
0.80512       0.900395
0.920719       0.961258
1.36026       0.98099
1.33259       0.971607
0.905625       0.987643
0.951724       0.956914
1.31151       0.970891
1.21288       0.974871
0.838693       0.97113
1.19105       0.993921
1.17529       0.979537
0.721867       0.766525
1.57641       0.969524
0.746321       0.905734
0.916839       0.942926
0.999631       0.978804
1.12059       0.982059
0.842842       0.961892
1.2799       0.954475
1.39872       0.965567
1.14084       0.982866
0.780343       0.963876
1.2443       0.98876
0.769366       0.887079
0.979919       0.937009
1.07165       0.961406
1.0607       0.985493
1.25776       0.958076
1.06884       0.948625
1.07819       0.947006
1.0844       0.987855
1.11976       0.948125
1.03813       0.925922
1.08657       0.966095
1.11059       0.97289
1.05707       0.961671
0.858843       0.921064
1.07219       0.964649
0.852281       0.915097
0.862829       0.972566
0.772847       0.978546
0.647156       0.938148
1.07785       0.939559
1.03889       0.934225
1.11916       0.987481
1.26093       0.989246
1.04743       0.972028
0.897233       0.925172
1.15971       0.981227
1.25469       0.931301
1.1016       0.982059
1.16404       0.974347
0.949418       0.937829
1.11164       0.977168
1.17265       0.973938
1.00277       0.807324
0.761451       0.936184
1.29965       0.932565
1.09333       0.975937
0.837987       0.908882
1.27898       0.970097
1.37306       0.985002
1.01958       0.960509
1.0896       0.989658
1.02695       0.982336
1.35101       0.972838
1.90368       0.97896
1.26543       0.969929
1.42759       0.970075
1.23754       0.983796
1.15038       0.958826
1.8283       0.989412
0.779486       0.926126
0.902146       0.961463
1.08735       0.989564
0.944172       0.990699
0.827167       0.892315
1.37746       0.960311
0.828632       0.900332
0.970157       0.471208
1.58203       0.967557
1.03994       0.950977
1.52034       0.97856
1.63996       0.934419
0.837494       0.98021
0.608582       0.881267
1.22455       0.950914
0.747954       0.942866
0.909261       0.678574
0.950849       0.917362
0.980764       0.960606
0.650498       0.741666
1.33086       0.916318
0.615274       0.913566
0.86488       0.989599
1.5529       0.986608
0.851019       0.874784
1.14733       0.991459
0.996317       0.954243
1.04004       0.965657
0.793586       0.780528
0.864681       0.950558
0.875762       0.978012
0.974075       0.991705
1.12193       0.977716
1.04578       0.982842
0.920883       0.90271
0.939727       0.949792
1.15253       0.953445
1.29571       0.987911
1.71941       0.977189
1.52461       0.970249
0.796471       0.848667
1.29774       0.983915
1.00005       0.979564
0.928277       0.976183
1.19032       0.927838
1.39791       0.984995
0.712907       0.928083
0.687663       0.757778
1.24332       0.969341
0.612555       0.822588
0.647063       0.949135
0.795864       0.984645
0.427185       0.738903
0.623422       0.948468
0.548934       0.809647
1.20072       0.986414
0.961656       0.884675
0.979       0.988386
1.08404       0.89631
0.838755       0.991286
1.26326       0.97754
1.01836       0.980728
0.569924       0.914432
1.01099       0.959567
1.12455       0.964709
0.910108       0.944206
1.31879       0.981153
1.05196       0.976493
0.598285       0.880989
0.842117       0.960746
0.807502       0.90722
0.583866       0.916396
0.887155       0.963412
0.949968       0.943899
0.746015       0.946669
0.975347       0.992115
1.43135       0.968991
0.964486       0.973088
1.11374       0.96035
0.920032       0.959887
1.42109       0.89509
1.19928       0.938271
0.449348       0.794208
1.01896       0.930126
1.06422       0.966984
0.802412       0.879203
0.612562       0.89896
1.30732       0.945989
1.14074       0.939326
1.34374       0.970703
1.56154       0.966501
0.777823       0.907101
0.906909       0.946168
1.46352       0.966645
0.900828       0.971924
1.02587       0.939826
1.12307       0.980952
1.23438       0.981123
0.843138       0.957673
1.00701       0.977632
1.36741       0.987168
1.60058       0.979555
1.54508       0.979763
1.20398       0.984777
1.09507       0.976421
0.850777       0.909239
1.40099       0.827363
1.31788       0.992942
1.29789       0.992527
0.966618       0.915898
1.24453       0.969932
0.822283       0.861436
1.24237       0.939701
1.07938       0.975755
0.743002       0.902748
0.930342       0.985673
0.886803       0.932437
1.04419       0.95958
1.13557       0.971208
1.10065       0.987004
1.06632       0.950259
0.663114       0.976324
1.3138       0.967529
1.32501       0.98195
0.964583       0.917937
0.863551       0.940136
1.08465       0.924968
1.30795       0.986274
1.02481       0.992898
0.808861       0.960166
1.27526       0.993127
1.07041       0.977143
1.14969       0.98912
1.06727       0.978735
0.99455       0.942917
1.29933       0.986779
0.929611       0.923935
0.800192       0.841978
0.860252       0.947534
1.44947       0.960571
0.956925       0.978491
0.977586       0.990939
1.52122       0.933322
1.10796       0.987996
1.2382       0.966437
1.05284       0.973007
0.55071       0.894992
0.944643       0.993618
0.893485       0.987094
0.958211       0.977437
1.19231       0.944232
1.30676       0.984002
1.14994       0.99467
1.17508       0.995729
1.25269       0.994341
1.45285       0.987266
1.21436       0.989616
1.21893       0.975989
1.08377       0.947881
1.18994       0.971268
0.708005       0.892827
0.795835       0.988588
1.24523       0.971412
1.3252       0.986831
0.756172       0.937379
1.07187       0.939375
1.17375       0.990361
1.5233       0.993044
1.49509       0.911594
0.515043       0.74297
0.905461       0.958945
1.58333       0.986914
1.06505       0.984737
1.02265       0.995828
0.703894       0.957564
0.894054       0.977057
0.888658       0.964341
1.31759       0.953472
0.641517       0.813409
1.12869       0.967133
0.792776       0.941629
0.773453       0.864853
0.800893       0.942401
0.715913       0.970076
1.49085       0.983703
1.1403       0.947341
1.12851       0.990915
0.956328       0.930849
1.183       0.990481
1.07791       0.931925
1.09236       0.9782
1.0763       0.929313
1.01142       0.985407
1.15461       0.975154
0.656358       0.902015
0.857436       0.948025
1.2112       0.98862
0.764039       0.922109
1.26147       0.990287
0.992567       0.987064
0.76833       0.919826
1.59096       0.969646
1.07826       0.974396
0.912008       0.973856
0.848114       0.940762
1.55141       0.982449
1.58583       0.965985
0.873068       0.970875
1.26671       0.930806
0.985292       0.988201
1.24834       0.922917
0.965271       0.923939
0.931582       0.864185
1.10536       0.970453
0.869995       0.983822
1.55456       0.964528
1.3048       0.990075
1.16528       0.991061
0.725546       0.969645
0.892584       0.974514
0.718076       0.92935
0.689586       0.937726
1.30221       0.97328
0.396917       0.453153
0.682217       0.895162
0.924169       0.954356
0.893483       0.962047
0.88129       0.942942
1.51958       0.984051
1.2612       0.820478
1.3659       0.975051
1.33294       0.941185
0.822795       0.923428
0.672839       0.948881
1.11572       0.945796
0.655826       0.926702
0.83316       0.897017
1.08184       0.976747
0.903195       0.978165
1.03891       0.974564
1.07063       0.970183
1.19439       0.954746
1.1937       0.981027
1.29567       0.974512
1.1134       0.927976
1.53458       0.95585
1.25939       0.982425
0.439736       0.616376
1.55246       0.973927
0.670296       0.901966
1.01368       0.947868
0.867426       0.933506
1.37786       0.968795
1.43543       0.984113
1.20686       0.988535
0.831495       0.947004
1.10746       0.975518
1.0442       0.934571
1.21399       0.980896
1.22652       0.953219
1.30603       0.986699
1.07952       0.986335
0.71201       0.959994
0.825613       0.98598
0.867635       0.953696
1.00702       0.981987
1.01176       0.959171
0.787246       0.856678
0.710203       0.866038
1.09452       0.945702
0.814383       0.981331
1.16858       0.967416
1.2991       0.991189
1.19651       0.952112
1.29332       0.972535
0.484787       0.345848
1.47183       0.947846
1.12179       0.980002
1.27809       0.976262
1.18451       0.955389
1.4255       0.988065
0.826952       0.888249
0.98633       0.898628
0.822638       0.976973
0.761244       0.924262
0.936498       0.977407
0.867891       0.961533
1.03838       0.976222
0.985605       0.873823
0.92977       0.993354
1.41316       0.986148
0.888013       0.932967
1.28541       0.951645
1.28135       0.993644
0.865616       0.881745
0.897251       0.916694
0.641436       0.885282
1.24548       0.973034
1.38702       0.979238
0.953387       0.96307
1.08756       0.98962
1.12379       0.967893
1.00096       0.910191
1.2158       0.964277
0.644064       0.95181
0.819625       0.843024
1.12542       0.903185
1.12092       0.977099
1.13787       0.955293
0.981571       0.969434
1.26119       0.977368
0.876238       0.979652
1.247       0.983834
0.900922       0.981669
1.07135       0.972037
1.29186       0.962424
0.802962       0.947708
1.41954       0.970174
1.03834       0.981525
1.08258       0.976566
1.16691       0.888807
0.749763       0.983369
0.892014       0.989766
1.27243       0.985154
1.03578       0.992818
1.25079       0.972565
1.20892       0.96122
0.877799       0.97871
1.28698       0.985806
0.982867       0.913169
1.28486       0.96568
1.21942       0.983845
1.41351       0.98849
0.878912       0.957229
1.06527       0.938832
1.55619       0.954118
0.611601       0.703976
1.50769       0.94263
0.978071       0.848322
1.29391       0.975557
0.855669       0.975424
1.14122       0.993992
0.958358       0.98017
0.973414       0.910696
0.774181       0.975209
0.977905       0.990333
1.23434       0.93838
1.06948       0.96945
0.861274       0.926406
0.601765       0.930825
0.557861       0.533945
1.249       0.992434
1.04787       0.96673
1.21504       0.989543
0.682651       0.942276
1.47047       0.974271
0.787191       0.762317
1.38617       0.969771
1.07044       0.927835
0.541305       0.769449
1.03467       0.988051
0.860943       0.982354
0.571402       0.424217
1.27884       0.954262
1.12009       0.985013
1.45575       0.934675
1.04689       0.9914
0.831212       0.971352
0.881103       0.952831
1.20226       0.985004
1.32205       0.984811
1.28897       0.964541
1.40902       0.991899
0.978767       0.919126
0.748729       0.850093
1.11803       0.975732
1.43131       0.987596
0.98892       0.955101
1.41397       0.974439
0.972222       0.908623
1.28289       0.979991
1.07741       0.974814
1.21511       0.998146
0.999627       0.688453
1.32121       0.989418
1.01275       0.970033
0.805671       0.861801
1.11184       0.975825
0.693824       0.917307
1.09874       0.823483
1.33333       0.88714
1.07231       0.994013
1.44154       0.987653
0.97064       0.907827
1.26959       0.973919
1.18972       0.986122
1.15515       0.968928
0.942915       0.928742
1.40205       0.976916
0.915925       0.992328
1.05168       0.987722
1.05401       0.915056
0.774714       0.983606
1.12832       0.950765
1.05862       0.972842
0.671034       0.859663
0.722216       0.960216
1.00013       0.977629
0.997962       0.987037
1.20196       0.935968
0.981716       0.945168
1.09785       0.979335
1.18777       0.967798
1.02628       0.951863
0.891322       0.931771
1.0563       0.975841
1.06257       0.927735
1.37416       0.977554
0.853537       0.840719
0.860794       0.954559
0.909483       0.986613
0.519817       0.879024
1.09899       0.960208
1.191       0.982573
1.18117       0.993176
1.47291       0.979247
0.837642       0.96421
1.68901       0.96445
0.882228       0.972668
0.986698       0.959349
0.996954       0.987341
0.766201       0.96588
0.873901       0.934236
0.903992       0.945796
1.19003       0.966448
1.23211       0.936566
1.08619       0.985397
0.617385       0.934045
1.26723       0.980068
1.196       0.920987
1.41832       0.986987
1.31875       0.979959
1.08858       0.968982
0.667094       0.883061
1.49854       0.955965
1.014       0.895567
1.18023       0.978774
1.31427       0.991773
0.810628       0.966524
0.785838       0.96908
0.89271       0.991589
0.651723       0.865229
1.09898       0.970838
1.01658       0.839494
1.25992       0.966738
1.05051       0.982666
0.918261       0.987862
0.722609       0.981937
1.16893       0.874331
1.01731       0.981434
0.937892       0.91154
1.15036       0.930804
0.854226       0.957255
0.969527       0.947625
0.688728       0.908555
0.77842       0.863241
0.862593       0.928232
1.78332       0.951306
1.27512       0.994877
1.3348       0.980629
1.5194       0.981014
1.44614       0.986249
1.42549       0.977221
0.85732       0.942653
0.738606       0.914866
1.02199       0.952666
1.18375       0.989674
1.53746       0.975841
1.10908       0.956333
1.16813       0.968607
1.2555       0.961014
1.15692       0.952408
0.855507       0.746795
0.868697       0.959193
1.01762       0.980713
1.33437       0.99342
1.00974       0.975485
1.03828       0.951201
0.983       0.947926
0.975979       0.96837
1.23585       0.985816
1.34814       0.988723
1.30574       0.979946
1.45727       0.969376
1.31194       0.986738
0.554401       0.919753
1.29682       0.989362
0.734642       0.95447
1.26532       0.992366
1.50552       0.964958
1.63328       0.965101
0.489079       0.925415
1.63381       0.972494
0.951499       0.982305
1.22279       0.992933
0.822323       0.91552
1.0207       0.938894
0.615409       0.938653
0.935401       0.993581
1.15517       0.983947
0.759666       0.922425
0.585484       0.775058
1.02643       0.987418
1.35621       0.989711
1.18341       0.924054
0.808304       0.837069
1.08672       0.971995
0.695999       0.933978
1.09078       0.849906
0.877791       0.958382
1.41489       0.983882
1.25305       0.992988
1.36484       0.987028
0.817299       0.937028
1.70125       0.986713
0.865072       0.919496
1.12988       0.983595
0.725706       0.974475
0.841692       0.964493
0.764709       0.90915
1.02992       0.942993
1.03242       0.985674
0.665633       0.918465
0.864199       0.976827
0.897876       0.959636
1.06998       0.950888
0.744902       0.924854
0.882097       0.90024
0.885809       0.919054
1.06779       0.955
0.967333       0.95697
1.37631       0.983651
0.837448       0.967183
1.25775       0.966862
1.21658       0.997229
1.34257       0.970392
1.26891       0.979631
0.814062       0.937787
1.03181       0.951236
1.34942       0.988574
0.81264       0.974108
1.20215       0.943578
0.855526       0.88944
1.22556       0.94867
1.41199       0.989952
1.41891       0.990687
0.547415       0.633088
0.524828       0.850153
1.00643       0.969941
1.14281       0.96144
1.75818       0.96143
1.28194       0.955768
1.28894       0.975834
1.01622       0.987539
1.39279       0.972953
0.917927       0.947628
0.770536       0.870671
1.08631       0.95679
1.37151       0.988561
1.38312       0.952051
0.769985       0.963889
0.797849       0.954444
1.22444       0.969359
0.964262       0.979363
1.18972       0.934983
0.951179       0.97453
1.24625       0.926812
0.649774       0.957935
0.832002       0.981538
1.20467       0.95805
1.37377       0.975764
1.07801       0.971562
0.948042       0.836328
0.855911       0.924839
0.891815       0.9069
0.804111       0.938467
1.73691       0.983051
1.13664       0.996557
1.13122       0.965902
1.02812       0.750815
1.13243       0.956977
1.21287       0.935084
0.721485       0.94276
1.10302       0.987899
1.11895       0.944151
0.814363       0.863261
0.923079       0.752037
1.06687       0.966248
0.838308       0.865508
1.04609       0.980812
0.919624       0.927901
0.568536       0.95416
1.64081       0.991519
0.939798       0.980132
1.00271       0.969689
1.23899       0.993437
1.42588       0.980685
0.909194       0.957914
1.13797       0.936899
1.50652       0.982367
1.34808       0.957946
0.887318       0.965332
1.37955       0.982561
1.08325       0.914497
1.2693       0.987808
1.21234       0.9909
1.20869       0.992087
1.31034       0.951438
0.792496       0.975521
0.87987       0.976982
1.60833       0.972851
1.17216       0.869425
1.08598       0.926883
1.03697       0.974969
1.01861       0.96033
1.36074       0.985467
1.06157       0.969235
1.00576       0.967662
1.12602       0.933565
0.913723       0.948697
0.896269       0.990875
1.3133       0.875569
1.28214       0.990917
0.987279       0.958703
0.829089       0.966845
0.546314       0.912885
0.902097       0.971498
0.722402       0.911718
0.82129       0.946771
0.546569       0.585771
0.988379       0.907063
0.875663       0.950845
0.720151       0.884123
1.03366       0.982053
1.0038       0.986695
1.30957       0.986636
1.27606       0.981325
1.08341       0.961579
1.19685       0.992903
0.958589       0.850135
1.61921       0.954646
1.31771       0.965671
1.62615       0.965736
0.893041       0.873816
0.813734       0.853097
1.54881       0.939574
1.07028       0.988349
1.20543       0.972505
0.992516       0.847002
0.632425       0.957269
0.822099       0.853518
1.52533       0.971936
0.9547       0.94708
1.38885       0.973889
0.862097       0.963428
1.15051       0.994112
0.930793       0.942243
1.16767       0.942775
1.11084       0.988108
0.897394       0.635159
1.45816       0.940936
1.31516       0.986945
1.42051       0.972082
1.34232       0.969527
0.814067       0.984139
1.19206       0.990026
1.24404       0.995104
0.86889       0.895778
1.7374       0.978459
1.05615       0.977726
0.862125       0.964287
0.76732       0.948095
0.95988       0.923377
1.28209       0.870341
1.00267       0.954599
0.976894       0.955298
0.919359       0.970585
1.31054       0.920596
1.18014       0.984273
0.997492       0.96253
1.32211       0.966565
1.2014       0.932794
0.606811       0.935344
1.25077       0.979462
1.02032       0.956772
1.00662       0.94379
1.02508       0.993397
1.3015       0.981701
0.723361       0.919944
1.03691       0.959477
0.570445       0.373014
0.615462       0.94827
1.06926       0.98956
0.748464       0.887828
1.24716       0.948308
1.15155       0.945451
0.987343       0.924608
0.951222       0.952882
0.86468       0.974583
1.27878       0.993993
0.872397       0.912402
0.979113       0.928558
1.26972       0.90345
0.890375       0.923186
1.50428       0.963553
1.00048       0.960065
0.896302       0.964009
0.842537       0.985926
1.31807       0.949962
0.865242       0.973855
0.965772       0.933706
1.2316       0.988584
0.702886       0.662544
1.59737       0.988542
1.49467       0.937216
0.761239       0.962441
0.591944       0.911848
1.06262       0.981591
1.15821       0.983494
0.993101       0.942603
1.3524       0.961703
0.905684       0.954204
0.719534       0.956943
0.591355       0.912507
0.842662       0.851187
0.697159       0.923285
1.10226       0.979452
1.19254       0.98435
1.28619       0.970238
0.915381       0.759264
1.16905       0.919481
1.25947       0.989163
0.784853       0.935271
1.07603       0.914191
0.753424       0.945272
0.95729       0.96196
1.23035       0.956181
1.03999       0.990621
1.63231       0.991154
1.00378       0.923139
1.18183       0.986046
1.27992       0.897933
0.874951       0.945173
0.940893       0.923177
1.16135       0.988258
1.08537       0.948989
1.0451       0.910677
0.86769       0.924861
0.571094       0.761637
0.995942       0.98775
0.816266       0.979718
0.965501       0.989503
1.12593       0.960798
1.33373       0.962719
0.836818       0.938369
0.668342       0.855063
0.835631       0.924036
1.04046       0.959594
1.08218       0.859058
0.718046       0.964732
1.25843       0.987308
1.12762       0.982668
1.08596       0.981039
0.646876       0.906711
1.46305       0.955728
1.28134       0.974543
0.956192       0.925507
1.17482       0.937648
1.19784       0.974138
1.56201       0.973658
0.779737       0.958935
1.21612       0.982462
0.848321       0.976848
1.15977       0.951062
0.883429       0.94184
0.810739       0.973704
0.521617       0.895529
1.00603       0.982358
1.15457       0.978845
1.22545       0.98461
1.23813       0.978528
1.0302       0.959246
1.31012       0.867823
0.518516       0.913349
1.24328       0.984903
0.769018       0.731581
0.849717       0.974012
1.16804       0.980704
1.38521       0.980563
1.00186       0.986298
0.908032       0.984522
1.54813       0.990397
1.08003       0.975685
0.739735       0.414949
0.819574       0.971034
1.62884       0.981914
0.912144       0.955336
0.823742       0.969118
1.00734       0.97247
0.900125       0.990687
0.981571       0.988249
0.920277       0.964883
1.08421       0.959485
0.790616       0.978738
0.926838       0.926861
1.43364       0.98112
1.21815       0.958005
1.09303       0.977657
0.915095       0.959835
0.919412       0.921086
0.76651       0.980972
1.12602       0.961685
1.06221       0.98748
1.28805       0.976693
1.39931       0.989269
0.66676       0.930852
1.09944       0.979978
0.821167       0.935818
1.26018       0.987846
0.988456       0.827472
1.42533       0.967333
1.06207       0.958049
0.98328       0.958418
1.11708       0.990398
1.22775       0.994871
1.0718       0.972802
0.807381       0.990589
0.677065       0.882312
1.04458       0.965386
0.865307       0.941127
1.13983       0.971228
1.17133       0.968256
0.916286       0.980466
0.942262       0.979374
1.35444       0.923453
0.978343       0.911951
1.30637       0.973892
0.924284       0.947096
1.36719       0.981512
1.27915       0.867743
1.22457       0.89441
1.22418       0.968429
1.13329       0.971133
0.648584       0.93281
1.42222       0.985817
1.38238       0.970452
0.875548       0.949414
1.27821       0.942119
1.07222       0.823817
0.887442       0.981935
1.08825       0.933538
0.434819       0.749475
0.656524       0.913498
1.68359       0.980965
1.01419       0.98658
0.759792       0.971371
1.46027       0.948988
0.94712       0.46959
1.105       0.96991
1.04249       0.986085
0.599157       0.871071
0.998991       0.949945
0.683887       0.862883
0.571006       0.873448
1.05895       0.978387
1.39628       0.967697
1.44303       0.983978
0.967479       0.983598
0.659717       0.914423
0.732391       0.866264
0.739376       0.93234
1.25665       0.924467
0.950421       0.958395
1.12641       0.941357
0.964427       0.958755
1.5263       0.963474
1.46309       0.936896
1.08766       0.991125
1.08253       0.963628
1.01388       0.88937
1.0917       0.958772
1.27112       0.869608
1.27885       0.985572
1.2304       0.994116
1.47145       0.939306
0.948906       0.944304
0.975775       0.928071
1.61434       0.959511
0.790878       0.871109
1.26058       0.926631
1.52237       0.983826
1.15608       0.980123
0.596983       0.862575
1.01555       0.971966
1.19594       0.976788
0.878288       0.935617
1.21569       0.974187
1.10825       0.982098
1.27595       0.986344
1.20895       0.971417
1.22236       0.994161
1.21495       0.989598
0.801905       0.893963
1.014       0.950013
0.519666       0.842244
1.11423       0.970518
1.30797       0.979216
0.737974       0.948528
1.23831       0.978118
1.25413       0.977526
0.813625       0.989165
1.47446       0.979687
1.14828       0.986492
1.08648       0.983588
1.01481       0.975643
0.925022       0.975246
0.763832       0.873542
1.50006       0.992198
1.23586       0.923749
1.31904       0.94182
0.903098       0.987853
1.0463       0.99246
0.902229       0.947809
0.757807       0.924215
0.974225       0.900508
0.995819       0.987562
0.868321       0.946586
1.27543       0.951172
1.04696       0.983885
1.04023       0.960176
1.27892       0.984558
1.29397       0.924749
1.08178       0.930999
0.890925       0.99075
1.31498       0.992618
1.3439       0.863699
1.22351       0.976351
1.04831       0.971335
0.889364       0.958216
0.940987       0.901334
1.78794       0.964829
0.585032       0.94061
1.02585       0.957604
0.852644       0.989114
0.980807       0.967127
0.827242       0.956266
0.66266       0.938236
1.22947       0.989015
1.14048       0.929323
1.42373       0.973263
1.2361       0.970153
0.979466       0.981079
0.95337       0.974803
1.07726       0.956562
1.24729       0.976824
1.42189       0.966634
1.37635       0.972849
1.49354       0.928978
0.694233       0.944472
0.649481       0.947053
0.543199       0.643385
1.24224       0.960527
1.27854       0.964749
0.939788       0.980971
1.69597       0.981926
0.886388       0.91522
1.22581       0.984625
1.53915       0.970681
2.00911       0.929614
0.828658       0.925661
1.02921       0.933568
1.06772       0.97685
1.29406       0.986418
1.0913       0.928111
1.03162       0.923071
1.2611       0.953481
0.463208       0.968418
1.00966       0.962355
0.595417       0.964677
1.57786       0.98248
0.768543       0.945575
1.38294       0.992247
0.882053       0.960769
0.906949       0.851882
1.1273       0.95275
1.54815       0.949585
1.29865       0.904699
1.64684       0.988011
1.47201       0.983864
1.64385       0.987014
1.1413       0.98031
1.2371       0.950939
1.07647       0.972846
1.0082       0.852573
1.34253       0.989787
0.892232       0.951385
1.02214       0.958133
0.882425       0.870083
1.08287       0.987521
1.1351       0.985554
1.18429       0.958163
0.884943       0.989978
1.24382       0.937688
1.14443       0.961969
1.24025       0.970571
0.973401       0.973531
1.12477       0.97682
1.17717       0.977976
0.804263       0.888382
1.30645       0.98982
0.728579       0.947166
0.959329       0.982094
0.774827       0.810904
1.04608       0.995556
1.182       0.988417
1.53213       0.958804
0.928982       0.995208
1.02346       0.978472
0.870922       0.943746
0.826788       0.949686
0.836726       0.964351
1.17281       0.912444
0.592457       0.917819
1.03621       0.963312
1.01394       0.989355
1.31545       0.967485
0.856551       0.981495
1.29315       0.983925
0.872291       0.898291
0.860453       0.686006
0.948458       0.883326
1.20079       0.980775
0.923425       0.980535
0.882909       0.916607
1.65126       0.987451
1.3836       0.976193
1.17321       0.86771
1.37944       0.92975
1.16782       0.982496
0.91941       0.989183
1.19821       0.977603
0.762118       0.93786
1.33839       0.974225
0.993738       0.98283
0.74819       0.895274
0.787034       0.8718
0.666456       0.912418
1.15599       0.965754
0.738337       0.953126
1.00669       0.912928
1.11588       0.988437
0.66506       0.904114
0.832503       0.980944
1.14618       0.939703
1.04409       0.976908
1.37759       0.942294
0.979577       0.98789
0.938203       0.93828
0.9885       0.844656
1.36839       0.986285
1.24763       0.986202
1.29064       0.987251
0.77712       0.988335
1.31844       0.979201
1.22237       0.983916
0.825809       0.811525
0.980481       0.968007
0.825705       0.854385
0.964146       0.904601
1.27215       0.986092
1.13832       0.977544
1.07927       0.945527
1.0835       0.957408
1.18276       0.991274
1.29992       0.960129
1.12838       0.982642
0.90979       0.963694
1.12949       0.990042
0.981006       0.974401
1.07768       0.97516
0.918964       0.960337
1.23559       0.975869
1.22823       0.95694
0.940838       0.94998
0.898981       0.95713
1.22361       0.946538
1.22931       0.980886
0.95894       0.972276
0.965377       0.958487
1.1023       0.975823
0.913253       0.974169
1.021       0.963423
1.25073       0.982896
0.785447       0.979483
1.13731       0.957111
0.955686       0.967851
1.78033       0.932106
0.780499       0.893777
0.525999       0.722832
0.92614       0.959926
1.33097       0.975477
0.99155       0.952895
0.929604       0.969446
1.14961       0.983615
1.22396       0.970174
0.537681       0.807231
1.31845       0.988516
0.737834       0.946371
1.15739       0.970304
1.01606       0.986027
1.14177       0.974618
1.05884       0.974596
1.15569       0.913499
0.916203       0.890474
0.991054       0.975392
1.44176       0.991614
0.866176       0.968255
1.09865       0.98653
1.20232       0.984816
1.19338       0.990342
0.847432       0.922699
1.32657       0.970729
1.06676       0.940103
1.19315       0.939267
0.479058       0.732498
0.686166       0.779057
1.14812       0.992973
0.965481       0.940248
1.60164       0.977248
1.38335       0.981689
1.08662       0.96294
1.11979       0.974807
1.48921       0.960031
1.12633       0.963557
1.47431       0.995694
1.1232       0.953588
1.04144       0.962033
0.719499       0.846664
0.708145       0.963058
1.63554       0.988124
1.71459       0.976451
1.11724       0.990129
0.796908       0.981828
1.29651       0.957992
1.14078       0.991218
1.16332       0.99702
0.514976       0.759075
1.09689       0.927953
0.953769       0.894248
0.830559       0.96596
0.693956       0.860277
0.969728       0.9481
1.03094       0.995524
0.814925       0.946255
1.02576       0.971361
1.44944       0.972834
0.813422       0.949341
1.34934       0.973418
1.202       0.987652
1.46455       0.978505
1.12666       0.972498
1.44435       0.97596
1.13188       0.93171
1.02277       0.914174
1.11457       0.996182
1.09075       0.982773
1.65964       0.958787
1.44726       0.979979
0.725338       0.984962
1.08765       0.918836
1.43337       0.990771
0.894412       0.979924
0.994041       0.974621
1.33844       0.992414
1.0814       0.96013
1.20476       0.989617
1.16675       0.979281
0.915091       0.955182
0.99808       0.990293
0.941658       0.975483
1.06692       0.988526
0.780449       0.940647
0.585852       0.490882
1.04582       0.980495
1.4761       0.973992
0.797218       0.976564
0.69532       0.90488
1.23391       0.988564
0.46515       0.544958
1.10946       0.982357
1.50327       0.939289
0.726545       0.90606
0.892424       0.902135
0.614271       0.918631
1.02977       0.975511
1.34972       0.959456
1.59116       0.95693
1.13573       0.950003
0.731187       0.921128
1.38412       0.972847
0.69977       0.89678
0.939833       0.972976
0.866088       0.973241
1.4324       0.972652
0.910227       0.956274
0.639645       0.90181
1.35633       0.968081
1.09061       0.968541
0.44921       0.621481
0.758249       0.94308
1.18061       0.942861
1.05178       0.943388
1.03348       0.919478
1       1
