0.660473       0.935611
1.14013       0.935797
1.22985       0.976555
1.97106       0.974838
0.698313       0.818845
0.865194       0.856326
1.0246       0.977104
0.918775       0.622258
1.27425       0.929893
1.36993       0.947573
0.745467       0.57708
1.10741       0.968303
1.13642       0.964707
0.729512       0.851165
1.09099       0.985375
1.08464       0.868599
1.2016       0.961582
1.35393       0.817133
0.553788       0.298551
1.25738       0.932942
1.35731       0.973301
0.699669       0.887971
1.6736       0.895839
0.568091       0.537163
0.878303       0.969991
1.58143       0.96485
0.318288       0.0589275
1.338       0.943425
1.03826       0.860966
0.816255       0.963257
1.60126       0.993621
0.763682       0.916067
1.20557       0.939856
0.656789       0.95827
0.957266       0.967058
1.13487       0.972951
0.582118       0.804659
0.68147       0.957817
0.710887       0.887267
1.22206       0.931055
0.762293       0.889539
1.24736       0.978678
1.46157       0.97039
1.45603       0.98152
1.26449       0.989437
0.782052       0.840182
0.858374       0.946425
1.24193       0.963713
0.864108       0.826657
1.73417       0.963233
1.82024       0.94018
1.22902       0.981431
1.5913       0.962574
1.12234       0.948885
1.14811       0.946421
0.831857       0.893321
0.375357       0.148839
0.957126       0.951378
1.46875       0.9693
0.771176       0.932371
0.852007       0.907636
0.780181       0.916474
0.696117       0.756721
0.96876       0.835433
1.43588       0.995732
1.0161       0.920004
0.99344       0.981911
0.389388       0.832316
1.17062       0.861968
1.38115       0.94875
1.41416       0.982905
0.405294       0.24012
1.04874       0.975334
0.61768       0.663234
0.710695       0.90543
0.929753       0.981304
0.788239       0.952636
0.592967       0.737679
0.641847       0.604249
0.796164       0.945257
0.983083       0.655806
0.600616       0.939642
0.795127       0.908477
1.43033       0.82582
0.920375       0.994803
1.24191       0.934653
1.4416       0.964868
0.974485       0.965496
0.972436       0.925399
0.950253       0.961427
0.88168       0.913853
1.278       0.965609
0.870038       0.865043
1.52787       0.947957
1.78627       0.969676
1.406       0.95483
1.82235       0.943124
1.11611       0.977976
0.944419       0.929808
1.48122       0.851972
0.946904       0.798132
1.03623       0.971687
1.05812       0.982056
0.899073       0.924492
0.83825       0.958708
0.620176       0.860168
1.06772       0.968799
1.21462       0.977409
0.541892       0.707827
0.985018       0.964813
0.838385       0.911605
1.43183       0.896563
1.0369       0.970312
1.08877       0.974351
1.03436       0.947528
1.41475       0.982106
0.829093       0.952932
1.43669       0.988067
0.59317       0.569795
1.27509       0.866195
1.47417       0.879386
1.19753       0.95198
1.08503       0.931666
1.48647       0.866573
0.929066       0.86081
0.9885       0.963337
1.4653       0.919303
1.51597       0.952778
0.696693       0.843714
1.21366       0.978077
0.848402       0.807695
0.803006       0.906305
0.508414       0.863486
0.725003       0.984331
1.27991       0.853691
1.04412       0.937519
1.5392       0.970003
1.20323       0.733147
0.844344       0.850284
1.50441       0.979639
0.776196       0.959375
1.36056       0.929043
1.70042       0.982652
1.80903       0.979935
0.553017       0.929518
1.32664       0.978388
1.20098       0.992806
1.08811       0.898063
0.69895       0.548168
1.17264       0.896005
1.77016       0.974064
0.869068       0.82612
0.704763       0.81652
1.38816       0.976964
1.08835       0.991678
1.00776       0.879058
1.55282       0.979126
1.25071       0.941034
1.18864       0.973092
1.6911       0.954169
0.753281       0.961372
1.11064       0.972964
0.788274       0.841514
1.27044       0.802109
0.885253       0.848545
0.998495       0.962436
1.0921       0.723186
0.816885       0.960093
0.872793       0.944766
0.674524       0.424082
1.7098       0.960763
0.793425       0.829639
0.840059       0.952297
1.11929       0.842554
1.18502       0.96998
1.25047       0.950554
0.818929       0.697749
0.817775       0.958103
1.31945       0.970394
1.07409       0.975978
1.21222       0.914714
1.35048       0.95281
1.29999       0.972887
0.842267       0.986056
1.43486       0.967624
0.852405       0.770137
0.794265       0.30596
0.717992       0.955995
1.13091       0.870351
0.973892       0.929103
0.435968       0.234627
0.815438       0.964411
0.666688       0.948294
1.83055       0.984443
1.10496       0.65731
1.16454       0.915151
0.812019       0.948347
0.857079       0.897838
1.01241       0.934495
1.16394       0.893274
1.0439       0.923179
1.18285       0.881272
0.704929       0.864365
0.779684       0.96325
1.32642       0.974729
1.10638       0.894349
0.948957       0.959304
1.85424       0.949067
0.401458       0.500168
1.04146       0.968595
1.10173       0.911771
1.03222       0.973491
1.0303       0.98825
1.11961       0.942118
1.07884       0.950731
0.636207       0.662525
0.923854       0.957618
0.782294       0.911726
1.39752       0.932552
0.73221       0.958482
1.00036       0.989503
0.782028       0.915743
1.11231       0.973115
0.967096       0.969476
1.45146       0.971109
0.928942       0.977454
0.912253       0.892237
0.618876       0.9312
1.70547       0.931936
0.61779       0.811239
1.34059       0.992709
1.32871       0.987742
1.35338       0.93435
1.08108       0.983511
0.965635       0.736707
1.00374       0.962604
0.87502       0.981594
1.21905       0.967034
1.22364       0.967013
1.26995       0.961745
1.71998       0.943426
1.27477       0.984395
0.898947       0.982457
0.671748       0.963461
1.15599       0.918271
0.727139       0.653311
1.22525       0.966123
1.13876       0.899827
0.348121       0.833701
1.0589       0.955682
1.57368       0.980714
0.926296       0.821765
0.994002       0.958952
1.00573       0.956458
1.62081       0.966124
0.780496       0.839197
1.066       0.940641
1.7142       0.937104
1.16983       0.969818
1.36908       0.955183
0.886746       0.919344
0.349765       0.331388
0.786842       0.936731
0.96624       0.965635
0.886155       0.893501
0.926723       0.932042
1.40642       0.890221
0.64368       0.928688
0.787815       0.97942
1.66901       0.949912
0.50156       0.697644
1.21607       0.94002
0.998011       0.883641
0.720123       0.880681
1.4647       0.992537
0.467531       0.864574
1.10774       0.962115
0.786129       0.928108
1.06927       0.981668
0.890048       0.948919
0.439187       0.708759
0.641478       0.370299
1.30328       0.972939
0.822092       0.977354
0.835575       0.645587
0.684252       0.822048
1.12212       0.979761
0.588847       0.730448
0.530337       0.352974
1.4028       0.920545
0.979001       0.932304
1.10426       0.979907
0.842195       0.860925
0.523268       0.792982
0.816429       0.975816
1.12337       0.977912
0.947903       0.980336
1.29896       0.983323
1.12676       0.926829
1.32083       0.949074
0.604769       0.902816
0.658618       0.903273
1.25274       0.938012
0.863183       0.894571
1.01502       0.941207
1.3206       0.985369
1.10461       0.960115
1.12352       0.97635
0.913884       0.937704
1.60377       0.913808
0.675195       0.669209
1.3632       0.987369
0.841974       0.802437
0.911992       0.720528
0.75574       0.789345
1.41797       0.909324
0.898449       0.920964
0.837001       0.876817
1.64542       0.922359
0.92975       0.940964
1.09032       0.86283
1.1119       0.950871
0.762078       0.894611
1.0982       0.941416
1.21717       0.961656
0.720764       0.823299
1.05129       0.912853
2.00468       0.934087
1.1654       0.926452
1.41727       0.964848
1.00192       0.818933
1.0859       0.911396
0.929903       0.662609
0.516121       0.653896
1.06838       0.836927
1.03529       0.926065
0.714513       0.958807
1.65435       0.955491
1.0379       0.928334
0.535208       0.887134
0.772752       0.696234
1.35874       0.985885
1.06911       0.963584
1.2689       0.948582
0.828612       0.983876
1.42193       0.898818
1.11702       0.976367
1.53715       0.989112
0.825931       0.941174
1.13042       0.959616
1.42826       0.966913
1.38072       0.965358
0.958292       0.97329
0.771926       0.80092
1.08971       0.965661
1.36119       0.984986
1.23869       0.861874
0.871028       0.967887
0.960249       0.744728
0.993663       0.676796
1.55723       0.964479
0.475477       0.34688
0.830361       0.931996
1.00378       0.952917
1.03637       0.945038
0.746364       0.800502
0.836594       0.75275
0.887204       0.871276
1.10361       0.932307
1.0497       0.977762
1.28998       0.988995
0.941389       0.898759
1.07612       0.990977
1.30549       0.967891
1.18746       0.979897
0.650725       0.950013
1.28111       0.953364
1.02495       0.968426
0.849844       0.945579
1.00522       0.963734
1.50621       0.970817
0.911641       0.982967
0.968416       0.720513
0.966077       0.80765
1.22927       0.964386
0.730328       0.830074
1.08489       0.880866
1.07704       0.94273
0.650292       0.921242
1.1972       0.974038
1.00714       0.946035
1.30096       0.928379
0.793614       0.942922
0.97172       0.867108
0.777601       0.942083
0.706034       0.505271
0.786613       0.477221
1.35307       0.961295
1.15076       0.646775
1.06444       0.956415
1.23186       0.989322
1.17475       0.956333
0.693414       0.668348
0.822852       0.76494
0.523562       0.813929
0.880656       0.870074
0.405507       0.729108
1.08411       0.982642
0.586816       0.798751
1.02706       0.95867
1.06921       0.978058
0.932525       0.936123
0.963824       0.977764
0.511781       0.865672
0.83398       0.944835
1.42018       0.990545
1.14263       0.94486
1.03885       0.925734
1.42383       0.940235
1.19017       0.944086
1.37619       0.948861
0.882718       0.9858
1.26045       0.923756
0.992855       0.907237
1.09018       0.916918
1.28951       0.926222
1.48738       0.985786
1.46064       0.962897
1.14565       0.908199
1.49344       0.938162
1.02006       0.94
1.25052       0.988147
0.492279       0.81183
1.0714       0.985171
1.22889       0.908564
1.21825       0.977199
1.28165       0.880341
1.51099       0.968712
1.4522       0.963338
0.951312       0.733371
1.78712       0.916772
1.1258       0.965702
1.33344       0.977966
0.602372       0.941529
0.723373       0.738264
0.750602       0.935393
0.68384       0.901301
1.26362       0.979725
0.892965       0.992053
1.15645       0.743664
1.16248       0.962645
1.42717       0.983719
0.869773       0.955929
0.958171       0.701937
1.15729       0.984797
0.758454       0.958358
1.22094       0.994626
0.859912       0.933433
0.988437       0.977126
0.984879       0.901793
1.59184       0.983927
0.712136       0.88454
0.66738       0.674234
1.03568       0.918485
1.48589       0.949781
0.915559       0.963714
1.08943       0.978613
0.756004       0.977233
0.673208       0.863717
0.815512       0.84986
1.52479       0.974184
0.746038       0.919826
1.38066       0.961148
1.09672       0.951632
1.38971       0.90696
0.975362       0.977021
1.04485       0.919203
1.00955       0.955358
0.777854       0.971772
1.84081       0.986277
1.22401       0.899914
0.639631       0.915113
1.64888       0.96094
1.05654       0.892922
1.63902       0.897688
1.15033       0.982436
0.805107       0.88071
1.10335       0.891315
1.09748       0.936698
1.04487       0.931733
1.37769       0.924148
1.24409       0.95101
1.05914       0.910487
1.13181       0.953283
0.905056       0.900514
1.30915       0.980619
0.511192       0.505303
1.01197       0.98576
1.06385       0.924773
1.48153       0.973624
1.72105       0.941996
0.976165       0.902457
0.567387       0.898617
1.38895       0.968937
1.42778       0.971567
1.02201       0.942329
1.06454       0.948766
0.859025       0.910158
1.28906       0.91514
1.54734       0.972132
1.41034       0.964359
1.03141       0.805183
1.10033       0.982582
0.485593       0.829451
0.937584       0.781351
0.859486       0.979238
1.2593       0.967872
0.52151       0.899727
0.980643       0.91485
1.01426       0.905298
0.762861       -0.143792
0.991252       0.956774
0.933858       0.889485
0.975775       0.940537
0.983016       0.819221
0.826905       0.919158
1.65827       0.95999
1.69803       0.964535
1.13953       0.968767
1.49911       0.965106
1.63517       0.953252
1.4079       0.960613
1.00863       0.986957
0.905272       0.839909
1.31412       0.938405
0.599542       0.958509
1.08221       0.981905
0.710093       0.658898
1.15962       0.9439
1.52003       0.979432
1.12123       0.993323
0.809571       0.964451
1.13623       0.950761
0.934772       0.963659
1.20527       0.981089
0.790025       0.565332
1.11049       0.992498
0.914885       0.806618
0.844933       0.877697
1.2481       0.881239
0.542947       0.107302
0.847239       0.948685
1.50583       0.94735
0.947492       0.962663
0.809933       0.7334
1.22146       0.987716
0.965051       0.949298
0.922945       0.984051
1.377       0.981355
1.2363       0.885297
1.01887       0.901335
0.642462       0.924325
0.948319       0.783702
1.55866       0.907586
1.49513       0.919752
0.975983       0.874519
0.980252       0.950177
0.978072       0.978501
1.16667       0.973842
1.01355       0.896106
1.16791       0.968688
0.804238       0.947392
0.773669       0.901542
1.34854       0.909549
1.2625       0.923405
1.25291       0.730829
0.68932       0.825103
0.728354       0.927627
0.777529       0.9302
0.930517       0.938135
1.00626       0.666847
1.0278       0.978604
1.05355       0.915135
1.44103       0.98037
1.09385       0.882948
1.30442       0.967528
0.894155       0.792161
0.509516       0.672283
1.34386       0.981688
1.13013       0.880489
0.639467       0.807358
1.39968       0.990473
1.41762       0.989852
1.70043       0.973717
0.907514       0.831143
1.34615       0.990919
0.893384       0.896058
1.60937       0.98438
0.439217       0.866241
0.725263       0.768692
1.85363       0.947614
1.33971       0.991261
1.07659       0.978708
0.916854       0.822056
0.733499       0.204491
0.56134       0.857297
1.15586       0.966961
0.847905       0.964165
0.717166       0.966787
1.83603       0.970291
0.537429       0.674491
0.928576       0.931025
1.31051       0.975526
0.910766       0.943401
1.08537       0.976568
0.855681       0.934018
1.04214       0.848674
1.0365       0.901503
0.936983       0.43115
0.997429       0.859853
1.30803       0.993919
1.47222       0.984234
0.952389       0.921763
1.26614       0.957559
1.01582       0.87253
1.53228       0.959743
1.40209       0.908573
1.0029       0.953432
1.28302       0.971995
1.239       0.957472
1.10629       0.983686
1.68228       0.950997
1.28434       0.975088
1.12321       0.933525
0.927424       0.523713
0.870656       0.917679
1.20132       0.977655
1.30003       0.908477
1.14469       0.978876
0.717962       0.548719
1.30137       0.962258
1.26779       0.910835
1.38454       0.980303
1.10356       0.919065
1.0278       0.957618
0.69263       0.838392
1.5946       0.980058
0.604904       -0.123665
0.807627       0.894584
1.37049       0.941525
0.841715       0.733378
0.755107       0.958137
1.32496       0.940157
1.22197       0.983764
1.30285       0.948762
1.15646       0.919396
0.920425       0.991112
0.640486       0.788086
0.582263       0.618198
1.39752       0.95878
1.00425       0.819769
1.20975       0.918308
1.24191       0.991335
0.924198       0.933488
0.834472       0.689858
0.912311       0.815574
1.19275       0.976083
1.5235       0.981073
1.22405       0.970581
1.51694       0.968676
0.875575       0.966867
1.26772       0.970819
1.29466       0.954419
1.28687       0.980018
0.838174       0.86249
1.55976       0.92565
1.04968       0.73495
1.40721       0.928553
0.725344       0.759518
1.09941       0.984811
1.25186       0.94839
1.07533       0.981812
1.35884       0.957611
0.871986       0.796331
1.35459       0.974219
0.792491       0.954911
0.558326       0.61867
0.571537       0.943563
1.20701       0.945754
1.19233       0.930941
1.0345       0.851161
1.54939       0.985707
0.771811       0.859965
0.729523       0.86305
0.90721       0.924105
1.06795       0.944952
0.823803       0.925203
1.50655       0.960615
1.02154       0.891663
0.980469       0.89564
0.840018       0.967963
1.15181       0.990645
0.954644       0.762204
1.00455       0.887567
0.925285       0.958859
1.51306       0.938789
1.24276       0.952448
0.926994       0.941091
0.788547       0.452834
1.12242       0.987736
1.61853       0.866676
0.863247       0.976729
0.667862       0.829193
0.517743       0.274035
1.07486       0.872117
0.455152       0.577449
0.819396       0.915683
0.462744       0.105236
1.10047       0.820834
1.11454       0.985545
1.20016       0.96661
0.935791       0.93527
1.59487       0.972311
0.825237       0.949672
1.08613       0.907196
1.35915       0.981797
0.976196       0.950158
1.18701       0.941985
1.45394       0.983629
1.31353       0.87809
0.812559       0.752316
1.20242       0.916132
0.860646       0.930454
0.744724       0.943608
0.924992       0.908375
0.958438       0.805557
1.37845       0.987852
1.1592       0.956943
1.75851       0.882616
1.05912       0.900158
0.937171       0.913211
0.653057       0.631157
1.19796       0.920788
1.25277       0.943755
1.35178       0.971303
0.929761       0.940413
1.68261       0.97892
0.561086       0.913962
0.967169       0.982887
0.971261       0.868767
0.917342       0.859457
0.930349       0.889729
0.795651       0.821173
0.99792       0.989289
1.29256       0.958381
0.828206       0.791963
0.723026       0.980044
1.26456       0.975384
0.645894       0.917563
0.968841       0.970936
1.78421       0.962806
0.70523       0.537348
0.983449       0.960793
1.50712       0.977779
0.910794       0.932475
0.923621       0.732928
0.923529       0.93632
1.35314       0.903335
1.30907       0.980288
0.387774       0.337422
0.876151       0.62999
1.0455       0.923988
1.41596       0.986284
1.02843       0.969353
0.949303       0.705139
0.662503       0.867011
0.988552       0.956177
1.54638       0.985078
1.31011       0.981836
0.600302       0.849736
0.500152       0.329308
0.782941       0.954976
1.16426       0.952122
1.40057       0.987683
0.979745       0.897479
1.45894       0.933789
0.888932       0.957129
0.815434       0.760108
0.406247       0.386521
0.804741       0.982671
1.13608       0.982695
1.24188       0.974915
1.33889       0.947126
1.30346       0.975346
1.04285       0.896554
0.805583       0.79344
1.22577       0.960085
1.21598       0.969382
1.38237       0.990169
1.26071       0.972388
1.19537       0.972663
1.67585       0.949316
0.871586       0.855797
1.10346       0.986224
1.22286       0.88231
1.71914       0.914998
1.22722       0.956152
0.775274       0.959289
0.931147       0.898554
1.31644       0.892841
1.21818       0.924608
1.36963       0.947519
1.52756       0.894165
1.25212       0.979748
1.36082       0.987846
1.03673       0.776471
1.00477       0.942321
1.38006       0.972412
0.7356       0.938128
0.986386       0.789421
1.07305       0.985173
0.829556       0.950167
1.28582       0.923161
0.812123       0.911026
1.24876       0.925946
1.4973       0.964059
1.00177       0.918722
1.06049       0.993787
1.01592       0.939666
1.27288       0.967425
1.12181       0.972444
1.68496       0.983787
1.65454       0.920549
0.979034       0.980977
1.25547       0.956956
1.1473       0.955154
1.08505       0.819119
1.42228       0.983172
1.01323       0.983099
1.14469       0.965493
1.44682       0.957973
1.04006       0.948274
1.09086       0.890459
1.17411       0.940221
1.02449       0.99148
1.39331       0.981859
1.22862       0.953235
0.938113       0.989378
0.835321       0.940347
0.996561       0.970915
0.661209       0.943859
0.717365       0.937915
0.953126       0.730991
1.54034       0.970646
1.44749       0.983471
1.52087       0.955806
1.33032       0.949293
0.893637       0.907549
1.14067       0.968108
1.20847       0.980421
1.0319       0.876348
1.25612       0.947892
0.720835       0.89107
1.43292       0.972045
1.19559       0.914002
0.671689       0.918751
1.41556       0.985477
1.56199       0.908247
0.850646       0.935114
1.17112       0.921949
0.931105       0.966752
1.04468       0.981101
1.12502       0.950802
1.71764       0.980903
0.786       0.974058
1.70239       0.974441
1.34698       0.985192
0.722072       0.77365
0.710034       0.852038
0.797676       0.978009
0.643267       0.885176
0.814302       0.937441
0.674641       0.928192
1.04332       0.959251
1.18282       0.970025
0.541207       0.936003
1.03623       0.984449
0.786954       0.941302
0.862904       0.956087
0.841159       0.914335
1.25776       0.969046
1.40723       0.990223
1.05615       0.813745
1.44851       0.928677
1.00749       0.795092
1.09021       0.972771
0.811254       0.963109
1.07147       0.950574
1.25469       0.957456
1.2938       0.916741
0.989203       0.9291
0.739775       0.915013
1.16588       0.95815
0.505134       0.885268
1.579       0.975912
1.22539       0.962298
1.25849       0.938181
1.50997       0.946859
0.675245       0.845314
1.05754       0.943501
1.12456       0.926333
0.96256       0.935843
1.29213       0.983793
1.29712       0.984862
1.59712       0.889447
1.73518       0.936478
1.32389       0.823324
0.921504       0.945078
0.903517       0.812793
1.54781       0.961091
1.15582       0.902281
1.29419       0.877906
1.23972       0.883195
0.665749       0.943309
0.612073       0.84023
0.678073       0.928785
0.897659       0.942188
0.463084       0.837838
0.497042       0.890006
0.782987       0.955492
1.29162       0.953363
0.965266       0.956387
1.58032       0.967374
1.14887       0.838426
0.860932       0.968168
1.65253       0.981449
1.0359       0.961672
0.937004       0.851199
1.5746       0.952505
0.4258       0.351907
1.0183       0.881997
0.757315       0.960946
0.994088       0.965053
1.10258       0.980936
0.963247       0.829424
0.616202       0.812274
1.66447       0.960996
1.67011       0.963025
0.854534       0.900416
1.45334       0.961557
0.776382       0.948517
1.02185       0.921439
0.871717       0.972026
1.58531       0.978864
1.04761       0.980943
1.0277       0.943558
1.58624       0.938285
1.51953       0.958973
0.840733       0.782415
1.18756       0.953057
0.728962       0.734031
1.73214       0.986699
0.770697       0.586388
1.12693       0.982638
0.984525       0.898367
1.13241       0.922759
1.04728       0.896043
1.01449       0.914231
0.843873       0.855468
1.19291       0.991839
1.38659       0.989192
1.5818       0.974216
1.45344       0.920365
1.0036       0.952516
0.916751       0.943874
1.35627       0.97547
0.431848       0.551422
0.97108       0.966762
0.541187       0.928103
0.614234       0.891284
1.36079       0.944769
0.870639       0.931012
1.36114       0.981684
0.961671       0.909932
1.06749       0.987026
1.41782       0.953063
2.00418       0.952977
0.787271       0.90145
0.780893       0.948074
1.17622       0.989042
0.886353       0.993523
1.5949       0.988983
1.06653       0.620736
0.892858       0.938566
1.47003       0.993346
0.923036       0.98583
0.687681       0.901223
1.43896       0.866988
0.623991       0.796534
1.4284       0.960477
0.944358       0.959868
0.853353       0.360008
1.38776       0.959647
1.2288       0.924044
1.06642       0.932585
0.795398       0.940765
0.897176       0.940099
0.867548       0.884
0.892299       0.898615
0.530331       0.643109
1.14203       0.963609
0.903046       0.987833
1.16937       0.933553
0.933371       0.911432
1.29092       0.981149
1.3835       0.933715
1.1177       0.910105
1.36496       0.984178
0.749335       0.924761
0.764186       0.886678
1.30486       0.943367
1.76035       0.981461
0.551423       0.906298
1.36452       0.91633
1.2269       0.886433
1.41424       0.885383
0.662442       0.872641
0.974444       0.919165
1.0185       0.979507
1.29633       0.989275
0.905947       0.935819
1.08092       0.933787
1.3593       0.922576
1.34616       0.977744
1.29558       0.970563
1.00075       0.616862
1.20985       0.940346
1.18112       0.987213
1.43581       0.978767
0.925219       0.960566
0.633242       0.802617
1.06769       0.928128
1.38783       0.973392
1.02087       0.86731
1.36508       0.931061
1.1628       0.823407
1.28118       0.94087
1.02206       0.888491
1.42857       0.982065
0.62501       0.936705
1.55807       0.974616
0.978612       0.9187
0.696582       0.660413
1.16026       0.921503
1.03357       0.941452
0.756817       0.873867
1.5314       0.946195
1.37713       0.946976
0.751292       0.925893
1.13311       0.965332
1.33952       0.985536
0.72338       0.902015
0.497111       0.855008
0.675074       0.814227
1.4025       0.974392
1.05326       0.934945
1.41012       0.97369
1.37525       0.981028
0.977695       0.831021
1.35479       0.934884
0.60154       0.970441
1.38012       0.982353
1.53169       0.965707
1.43219       0.96422
1.24113       0.956763
0.78826       0.607384
1.49299       0.983521
0.89054       0.929153
1.01036       0.928108
1.22729       0.949007
0.920153       0.965817
0.581356       0.777611
1.18358       0.912802
1.07187       0.936238
1.34677       0.957938
0.920983       0.976225
0.813934       0.80772
0.626151       0.84568
0.698633       0.915283
1.27802       0.911128
0.851573       0.964331
1.14323       0.94954
1.58944       0.983802
1.33356       0.980549
0.905992       0.82417
1.41993       0.805119
0.876754       0.985522
1.07249       0.984946
0.670339       0.900682
0.93259       0.854594
1.14464       0.947993
0.945542       0.988493
0.585389       0.858154
1.18303       0.937638
0.7297       -0.0906718
1.56974       0.900168
1.53147       0.964348
1.39666       0.970349
0.784299       0.970991
0.829171       0.76305
1.12728       0.97614
0.778242       0.827204
1.29031       0.944022
0.808621       0.803552
1.33665       0.980144
1.78994       0.970877
1.37771       0.878108
1.21247       0.970346
0.552543       0.602
1.36451       0.939637
0.410501       0.886964
1.22042       0.953701
1.27286       0.985837
1.23586       0.969133
1.16033       0.948219
0.920867       0.889335
1.29198       0.985685
0.995495       0.866045
1.28124       0.967892
1.16733       0.970792
0.922073       0.971135
0.951363       0.913535
1.12492       0.947476
1.84726       0.911612
0.714293       0.959385
0.991856       0.92782
1.57026       0.97466
0.792951       0.848033
1.24553       0.980249
0.914718       0.950204
1.16337       0.983511
1.52922       0.932453
1.36287       0.980771
1.08458       0.968101
0.970089       0.914489
0.7304       0.865701
0.76794       0.945111
1.35708       0.965839
0.869261       0.986333
1.06303       0.967177
0.982942       0.951417
1.51741       0.985617
1.39739       0.878066
0.765505       0.810261
0.803415       0.9826
1.01583       0.931425
0.94388       0.959563
0.936884       0.630642
1.11187       0.980071
0.979904       0.952864
1.21137       0.948117
0.560735       0.787199
0.760424       0.952965
1.23754       0.971433
0.979343       0.861256
0.694306       0.878365
0.592839       0.928552
1.73814       0.904636
1.33383       0.917468
0.803482       0.949404
1.13926       0.987834
0.775193       0.870828
1.25174       0.98234
1.2713       0.971982
0.807028       0.893828
1.21231       0.756977
0.99701       0.906785
0.564792       0.914466
0.483935       0.825911
1.34877       0.956629
0.793438       0.911513
0.758683       0.611384
1.11409       0.986202
0.933923       0.921532
1.46044       0.864394
1.47621       0.977754
0.76016       0.880468
0.842709       0.867816
0.717613       0.959745
0.733884       0.98009
1.43067       0.98321
0.967462       0.825108
1.14361       0.983515
0.574651       0.880589
1.15727       0.926524
1.63452       0.926202
0.941713       0.856636
0.698045       0.830692
1.60689       0.972451
0.951419       0.971891
1.21918       0.933978
0.53207       0.593821
0.873729       0.957855
0.855202       0.804013
1.28424       0.962936
1.50328       0.953691
1.20403       0.988483
1.85757       0.956048
1.57632       0.950163
0.608787       0.803251
0.713359       0.334096
1.67397       0.901638
1.04754       0.92483
0.740756       0.94394
1.10572       0.989261
1.50914       0.969866
0.787144       0.930297
1.33417       0.993351
0.849527       0.918758
1.55714       0.979284
0.663132       0.818769
1.29693       0.93881
1.50112       0.950857
0.812686       0.900619
1.21668       0.868699
0.573918       0.63659
0.856255       0.954222
0.970801       0.980132
0.950149       0.986103
1.18496       0.918325
0.909659       0.821233
0.733031       0.841168
1.54553       0.966663
1.14718       0.97883
1.30426       0.983756
1.14781       0.955256
1.04167       0.97397
1.38359       0.936769
1.31184       0.975361
1.39667       0.93327
1.33075       0.984966
0.986154       0.939662
1.07214       0.921052
1.44749       0.974034
1.5537       0.975037
1.56204       0.918203
0.840514       0.974914
1.19727       0.988283
1.11773       0.952794
1.30142       0.989586
1.06255       0.401686
1.29504       0.898605
1.41318       0.959588
0.811522       0.77865
1.08388       0.824005
0.396499       0.701149
1.06024       0.942532
0.575951       0.121002
1.29327       0.993407
1.42313       0.949764
1.40093       0.986078
0.959764       0.873973
0.635491       0.961243
1.30356       0.93104
1.11546       0.973006
0.840323       0.768778
1.37798       0.934056
0.809198       0.937922
0.486478       0.830467
1.20858       0.970706
1.36879       0.91992
0.962036       0.777089
0.775268       0.818164
1.08742       0.935957
1.47677       0.95502
1.34215       0.964688
0.4518       0.774801
0.378073       0.558784
1.09683       0.974101
1.57979       0.955107
0.886094       0.834906
1.40351       0.855565
1.45022       0.888603
1.65629       0.859999
1.18072       0.930227
0.949846       0.974866
1.0374       0.944151
1.28604       0.95535
1.19304       0.95843
1.20508       0.95344
0.989587       0.939588
0.998499       0.975714
1.05047       0.96812
0.570549       0.542527
0.866668       0.956601
1.21161       0.91973
1.51209       0.981366
1.46076       0.974527
1.11848       0.86329
1.13769       0.871415
0.967997       0.97262
1.10568       0.965496
0.737258       0.845853
1.12545       0.884772
0.816048       0.927067
1.09209       0.883075
0.725152       0.891255
1.44625       0.878642
1.19883       0.973121
1.66988       0.98791
1.26896       0.965915
1.46119       0.988651
1.21403       0.881042
1.53551       0.944415
0.872708       0.863923
1.11671       0.891645
1.13628       0.979934
1.47928       0.846874
0.786999       0.958379
0.864543       0.922095
1.47215       0.986889
0.524791       0.892975
0.879074       0.957514
0.968133       0.789377
0.874277       0.953376
1.30289       0.991717
0.902219       0.971085
1.06218       0.92701
1.54908       0.977695
0.89956       0.928097
0.643567       0.804981
1.16881       0.942949
0.932731       0.976665
0.869802       0.802008
0.958658       0.852894
1.1925       0.954157
0.94018       0.961167
1.23269       0.930099
1.07346       0.942882
1.37958       0.98336
0.994082       0.944799
0.859829       0.748131
1.09269       0.907579
1.24644       0.950755
1.49794       0.93354
1.41524       0.932465
1.35516       0.9416
1.49616       0.979273
1.02832       0.955525
0.902505       0.920952
0.712427       0.764407
1.10256       0.976579
0.555364       0.795592
0.812704       0.943086
1.11059       0.967142
1.26573       0.96616
0.840515       0.527268
0.448995       0.577074
0.799541       0.895112
1.2984       0.986111
1.09577       0.975517
1.31305       0.914289
0.776443       0.97754
0.503377       0.802781
1.14902       0.93521
1.48707       0.931214
1.3356       0.979595
0.663318       0.646273
0.646273       -0.104476
1.11388       0.861903
1.26666       0.981578
1.04426       0.985889
1.42926       0.985326
1.05032       0.944217
0.926866       0.740364
1.1465       0.993733
1.08317       0.93267
0.729184       0.793693
1.12126       0.974251
1.3053       0.982436
0.91142       0.949801
1.21606       0.784949
1.20074       0.940616
1.20851       0.954233
0.952304       0.919079
1.03389       0.929575
1.38007       0.969794
1.07386       0.647953
0.419715       0.849603
0.811098       0.906961
1.2921       0.898419
1.30868       0.930952
1.28007       0.967282
1.41578       0.948883
0.985347       0.981868
1.15723       0.916788
0.844917       0.961797
0.929696       0.968026
1.21261       0.917025
0.882888       0.920453
1.79534       0.99258
1.34142       0.971889
1.14993       0.846559
1.11509       0.990193
1.58715       0.795605
1.39633       0.967249
1.43919       0.985891
1.72618       0.955878
1.47455       0.951085
0.53263       0.667131
1.37109       0.935046
1.08557       0.948295
0.880074       0.741231
0.868017       0.894677
1.03424       0.980008
1.39204       0.988025
1.05762       0.927522
1.69801       0.962162
1.32253       0.959859
0.779589       0.863849
1.2365       0.967555
1.57602       0.932103
1.00483       0.944602
0.38201       0.592748
1.60499       0.981976
0.604988       0.776977
0.872815       0.970819
1.21964       0.982975
0.766386       0.924706
1.21198       0.972843
0.924572       0.885419
0.91979       0.951737
1.28831       0.972001
1.90749       0.859201
0.890574       0.958299
1.38131       0.962968
1.35131       0.977556
0.848815       0.970044
0.938029       0.888374
0.821117       0.973343
1.18937       0.965573
1.18809       0.8888
1.03761       0.88355
1.26163       0.927807
0.652794       0.913481
0.958592       0.847211
0.933153       0.886876
1.10846       0.988424
0.804931       0.864352
0.823436       0.942829
0.997603       0.962364
1.21784       0.961731
1.04476       0.912658
1.26474       0.987019
0.887818       0.950158
0.775003       0.972998
1.14193       0.954286
1.1666       0.811683
1.18461       0.876825
1.06411       0.890122
0.92938       0.948767
0.674424       0.813926
0.86804       0.823359
1.0216       0.989944
0.975795       0.98646
1.667       0.901336
1.39339       0.974412
0.926954       0.920998
1.03169       0.890639
0.972184       0.960895
1.38612       0.904354
0.937754       0.973751
0.769639       0.830553
1.02673       0.968721
0.514037       0.191573
1.04284       0.970452
0.922926       0.377131
1.87651       0.94807
1.39582       0.926916
0.758572       0.631443
0.531067       0.765676
0.74212       0.625447
1.16345       0.91746
0.743481       0.945149
1.14293       0.703062
0.716038       0.906685
0.887458       0.96554
0.762054       0.961136
1.13663       0.957889
1.29343       0.871884
1.34689       0.983365
1.27391       0.887089
0.945968       0.936325
0.931759       0.972712
1.57035       0.969258
1.15915       0.985525
0.948308       0.978298
0.952813       0.863484
0.67875       0.927419
1.01553       0.984144
1.25802       0.984536
0.825418       0.645556
1.27505       0.942402
0.620611       0.813738
0.699607       0.91354
1.28351       0.967434
1.1191       0.773137
1.03314       0.970291
1.0617       0.925586
1.41796       0.975718
0.891785       0.94057
0.833834       0.959046
0.575693       0.807707
1.5164       0.967031
1.04491       0.961904
1.21555       0.967246
1.78533       0.943325
1.26865       0.973837
1.25714       0.916268
1.64321       0.938783
0.884524       0.786318
1.34861       0.904928
0.630988       0.841453
1.10183       0.977118
1.62151       0.910422
0.96697       0.920408
1.04294       0.959679
1.18827       0.968537
1.23974       0.92472
0.649699       0.893571
1.33937       0.893699
0.926857       0.943178
0.971656       0.976742
1.04775       0.923904
1.33401       0.89608
0.555506       0.904413
1.1197       0.985488
1.06401       0.988645
0.650375       0.977869
1.18902       0.978618
0.666379       0.754246
1.09937       0.955441
1.19529       0.980773
1.09791       0.94001
0.685151       0.835526
1.22088       0.9312
0.808529       0.90866
1.08629       0.994081
0.948299       0.82375
1.03362       0.678715
0.981173       0.941988
1.38063       0.990323
1.72969       0.965788
1.126       0.941911
0.876387       0.82176
0.964632       0.879626
0.950015       0.909993
0.8632       0.888591
1.72018       0.983479
1.32676       0.988305
1.73554       0.982423
1.03438       0.983957
1.20296       0.942622
1.22512       0.958538
0.89094       0.899482
1.10529       0.936722
1.32748       0.969441
0.961111       0.97043
1.26404       0.968875
1.44208       0.981065
0.67723       0.94388
0.897296       0.851259
1.63943       0.979608
0.773597       0.790199
0.75775       0.733401
1.07032       0.964923
1.03801       0.93881
1.52233       0.9697
1.06892       0.965529
0.860641       0.969866
1.08774       0.977212
0.988838       0.968387
1.07427       0.976499
0.58094       0.84752
0.773165       0.939543
1.30135       0.963781
1.44315       0.946357
1.38668       0.930518
0.97362       0.981721
1.21488       0.92602
0.720006       0.895428
1.31639       0.965636
1.00401       0.849883
1.32424       0.974885
1.0884       0.986516
0.671229       0.803225
1.24415       0.93838
1.08211       0.931838
0.773765       0.882078
1.31624       0.939685
0.780179       0.905402
0.864279       0.950548
0.57638       0.506805
0.611965       0.710029
1.46656       0.923597
1.38148       0.980281
0.572764       0.939792
0.642171       0.909672
1.37671       0.978524
1.84956       0.967311
0.638785       0.899412
1.20339       0.889156
0.501162       0.706274
1.25171       0.949599
0.719414       0.903303
1.17269       0.965317
1.80566       0.972921
0.743477       0.839603
1.63892       0.970128
1.21805       0.988322
1.35341       0.955478
0.820535       0.897173
1.45938       0.969437
1.33516       0.921846
1.47209       0.947343
0.507136       0.893273
0.866999       0.798514
0.553827       0.761159
1.3347       0.958451
0.9602       0.981661
0.92314       0.965857
1.5495       0.953696
0.456099       0.439252
1.15436       0.988503
0.826903       0.976445
1.23947       0.960165
0.915723       0.893576
1.18686       0.936547
1.52683       0.967052
1.53624       0.969197
1.26589       0.916118
1.32646       0.984414
1.15141       0.936363
0.649456       0.789514
1.14358       0.950905
1.53347       0.909421
1.38579       0.936605
1.0396       0.946386
0.652146       0.922202
1.57646       0.970191
1.33182       0.977055
0.707753       0.89997
1.27587       0.955196
1.18009       0.95198
0.712136       0.862252
0.789153       0.909796
0.919427       0.857302
1.10004       0.868033
0.965205       0.929799
1.7236       0.967333
0.803963       0.824121
0.833605       0.954499
0.911922       0.93099
0.887316       0.978523
1.10914       0.990392
0.984375       0.961626
1.38148       0.985125
1.50365       0.936284
1.28002       0.969698
1.19501       0.989143
0.821578       0.920022
1.06235       0.956693
0.529033       0.672319
1.4535       0.879418
0.659268       0.926058
0.714933       0.955237
1.11124       0.860722
1.71498       0.964562
1.29401       0.943526
0.928739       0.981475
1.8588       0.985893
1.61952       0.976191
0.774069       0.954681
1.0255       0.971081
1.4218       0.934965
1.46183       0.953579
0.831031       0.888129
0.684216       0.800282
0.711545       0.946164
0.797797       0.586631
0.775404       0.920553
1.58771       0.972203
1.36731       0.971985
1.67364       0.932834
1.13278       0.917409
0.623729       0.905987
1.01213       0.797275
0.540859       0.823557
0.926779       0.879904
1.06568       0.980947
1.33421       0.824102
1.15055       0.961144
0.720709       0.878602
0.711748       0.808914
1.15532       0.965147
1.12287       0.977637
0.904123       0.853267
0.857628       0.947947
0.917466       0.869869
1.02599       0.89768
0.964199       0.448381
1.33716       0.907314
1.04328       0.986632
1.1012       0.990182
1.31275       0.952277
1.28253       0.977831
0.869298       0.962584
0.834967       0.820932
0.640634       0.891981
1.38649       0.927304
0.694541       0.824133
1.5758       0.930803
0.658107       0.709815
0.416999       0.701952
1.11754       0.973885
0.880232       0.941277
0.590141       0.841367
1.084       0.986234
0.78374       0.856564
1.39201       0.988609
1.26041       0.956104
1.14961       0.773672
1.18579       0.974927
0.504731       0.75665
0.92181       0.702822
1.28829       0.973715
0.925271       0.933695
1.06009       0.670099
1.03682       0.93022
0.970443       0.985923
1.72077       0.993251
1.00046       0.931502
1.14131       0.94579
1.13682       0.942845
1.54849       0.916824
1.72754       0.878302
1.52164       0.971599
1.45168       0.925656
0.823604       0.953105
0.914247       0.953847
1.05644       0.979072
0.669441       0.748844
0.849663       0.95528
0.956225       0.980604
0.926063       0.979291
1.52489       0.953001
1.11977       0.986579
0.834745       0.954431
0.549407       0.725392
1.15699       0.978263
0.704837       0.957793
1.16114       0.963622
0.652666       0.88196
1.37625       0.958999
0.98489       0.975272
0.937488       0.981483
1.10508       0.979528
1.49548       0.968611
1.48188       0.989148
0.938613       0.962668
0.790297       0.907247
1.14671       0.936673
0.532492       0.821424
1.65038       0.895049
2.0629       0.921157
1.0386       0.899119
0.572975       0.321774
1.45321       0.99158
1.0439       0.962069
0.9127       0.98739
1.23609       0.948982
1.05615       0.975764
0.958981       0.977053
1.01165       0.839321
0.929148       0.744202
1.12266       0.979533
1.2182       0.971547
1.62848       0.9819
1.08115       0.744104
1.04087       0.825345
1.80461       0.916343
1.17095       0.978465
0.833143       0.949513
1.36861       0.981549
1.60177       0.985289
1.20035       0.95854
1.25363       0.977604
1.16174       0.984182
1.23871       0.978481
1.37779       0.994755
0.777401       0.981043
1.6736       0.974499
1.01681       0.904923
0.807696       0.916049
1.25785       0.900632
0.713314       0.939295
0.897501       0.952526
1.02522       0.977458
1.11148       0.794629
0.491631       0.760575
1.26335       0.966667
0.847298       0.889936
1.00066       0.970206
0.615398       0.691021
1.0088       0.941123
0.637373       0.904827
1.70741       0.980191
1.15304       0.889485
0.586818       0.807658
0.912098       0.85586
0.75976       0.860954
1.06474       0.935987
0.629384       0.823943
1.16445       0.936107
0.953406       0.937459
1.54143       0.97249
1.3815       0.979452
0.57374       0.858178
1.12154       0.965446
0.803172       0.878715
0.92396       0.939041
1.30508       0.973171
1.86032       0.946076
0.721126       0.906598
1.00018       0.908198
1.23002       0.986573
1.00808       0.986345
0.919495       0.919737
0.57491       0.795455
1.05401       0.852422
1.29015       0.955171
1.32028       0.96764
0.797915       0.597294
1.0485       0.977987
1.5393       0.949793
1.06303       0.97594
1.08634       0.969145
1.08064       0.956251
1.39359       0.915726
0.977052       0.886908
1.38059       0.961752
0.879696       0.907554
1.1302       0.911955
1.18757       0.925245
1.54332       0.985157
1.11459       0.964429
1.11732       0.90814
1.1184       0.846691
0.615827       0.880388
1.16947       0.968424
1.15346       0.978725
0.753237       0.921917
1.68942       0.971862
1.07944       0.987441
0.862743       0.942404
0.426001       0.607804
1.36367       0.855382
0.693045       0.872199
1.28904       0.961798
1.7972       0.9389
1.09411       0.942065
0.849151       0.775879
0.657819       0.886273
1.27992       0.874242
0.968131       0.553297
0.721555       0.957758
0.836368       0.945331
1.08381       0.920908
0.904997       0.359205
1.22646       0.720474
0.869005       0.951989
1.39269       0.977766
0.684456       0.953243
1.42366       0.957444
0.970944       0.709126
1.22702       0.841133
0.501873       0.775308
1.11708       0.936387
1.13987       0.979623
0.991247       0.951833
1.18804       0.786703
0.884897       0.926836
0.912925       0.95616
1.33576       0.918815
1.20617       0.95217
0.790562       0.950845
1.11706       0.876803
1.52475       0.982474
1.32611       0.929132
1.20487       0.711529
0.756126       0.890944
1.13312       0.965013
1.04054       0.985532
1.34247       0.97161
1.2893       0.984449
1.5203       0.968282
1.18627       0.948983
1.39013       0.965873
1.24516       0.979479
0.514044       0.531054
1.65013       0.836685
0.808587       0.924425
0.627745       0.259517
1.09376       0.976574
1.06339       0.938337
1.17412       0.958907
0.939328       0.694742
0.668828       0.912267
1.17552       0.98602
1.33137       0.985697
0.635357       0.871381
1.22842       0.97495
1.16999       0.929949
1.11636       0.965783
0.39916       0.498355
1.14218       0.884497
1.45142       0.956029
0.614175       0.786236
0.370481       0.748071
1.27028       0.925145
0.911573       0.978484
1.38116       0.939819
0.930572       0.974652
1.1375       0.9271
1.03826       0.984686
0.944941       0.79102
1.24586       0.974078
1.12744       0.921588
0.712755       0.877947
0.727091       0.940601
1.04542       0.952728
1.04916       0.945009
0.540139       0.921371
1.34958       0.865908
1.14671       0.943109
1.19409       0.914013
0.539432       0.827806
0.810421       0.787828
0.390345       0.609738
0.494914       0.451493
1.06666       0.939311
1.80556       0.950455
0.927729       0.932687
0.895993       0.94444
0.760946       0.969854
0.821933       0.959067
1.20683       0.947177
0.990289       0.935061
1.57597       0.969767
1.36454       0.964713
1.39794       0.941515
1.67281       0.965939
0.503804       0.678478
1.30756       0.986699
1.26122       0.920721
1.23327       0.98368
0.874463       0.916674
0.91446       0.897335
0.432849       -0.335258
1.55761       0.984396
1.30302       0.982351
0.683425       0.834591
1.08371       0.959641
0.696016       0.909811
1.83789       0.976542
0.895707       0.965157
0.684442       0.906101
0.921185       0.86127
1.39701       0.920121
1.28557       0.990436
1.04056       0.938163
1.1083       0.954504
1.34522       0.938975
1.28558       0.965479
0.649926       0.899043
0.676123       0.841888
0.663997       0.952059
1.31227       0.878385
1.45114       0.985621
1.10434       0.974094
0.696527       0.902815
1.22234       0.829551
0.895077       0.963006
1.00948       0.923081
1.20542       0.973021
1.1367       0.869923
1.44715       0.933677
1.60015       0.940378
1.05299       0.957644
1.43303       0.965805
1       1
