1.0185       0.975116
0.820386       0.957289
1.44698       0.978976
1.40466       0.96068
0.866907       0.921172
0.935361       0.98193
0.997833       0.981951
0.869658       0.959308
1.10307       0.972983
0.644128       0.963944
1.13877       0.965455
1.09317       0.981445
1.00629       0.927111
0.614238       0.980955
0.77099       0.956173
1.13778       0.948832
1.22484       0.946784
1.17163       0.942291
1.12328       0.97974
1.28353       0.976393
0.906969       0.988588
0.85673       0.939186
1.17474       0.98634
0.879935       0.969729
1.19016       0.97849
1.24154       0.990279
0.627479       0.928213
1.23908       0.995006
0.993098       0.968688
0.677529       0.887552
1.26303       0.971635
1.08709       0.917308
0.889468       0.985636
0.877957       0.986125
1.33473       0.982448
0.955177       0.983738
1.42111       0.986766
1.1326       0.94478
1.11946       0.987449
0.997416       0.984614
0.766811       0.934595
0.726193       0.972691
0.944041       0.933742
1.05297       0.943618
1.20465       0.970541
1.14555       0.99302
1.12982       0.99225
0.985255       0.947434
1.1639       0.992194
0.844005       0.979474
1.0194       0.971448
1.32514       0.958359
1.01554       0.94069
0.994543       0.988994
0.948662       0.958766
0.822175       0.964853
1.14315       0.976585
0.820886       0.972296
1.07783       0.849145
1.17593       0.986228
1.04933       0.980104
1.32317       0.978809
1.07052       0.96666
0.961276       0.893055
0.858232       0.957967
1.10245       0.959895
0.835795       0.958555
0.842061       0.968048
1.30857       0.969953
1.10246       0.95175
1.03368       0.916822
1.24962       0.950293
1.44984       0.927259
0.998331       0.890834
0.807029       0.982826
1.15538       0.97743
0.743477       0.969423
1.02723       0.938214
1.03458       0.96936
1.00298       0.980082
1.19691       0.971418
1.0123       0.981355
0.949426       0.982513
1.31804       0.98449
1.19554       0.977352
0.972398       0.96111
1.24673       0.969521
0.878989       0.927833
0.726629       0.953509
0.847224       0.953371
0.9756       0.950604
1.45687       0.949927
1.21515       0.970222
1.18462       0.975504
0.963638       0.98318
1.02849       0.986761
0.665263       0.92662
0.771077       0.970593
1.29136       0.969189
1.21881       0.995578
1.07612       0.994786
1.15281       0.987095
0.998245       0.981997
1.08303       0.972657
0.794101       0.952965
1.28544       0.990418
0.66034       0.961596
0.973548       0.948666
0.806519       0.9347
1.01159       0.982098
0.535848       0.883123
1.14726       0.977665
0.739608       0.971248
0.864633       0.974094
0.849186       0.98277
1.09001       0.977711
0.935314       0.969653
1.21965       0.970969
1.11601       0.953617
0.744287       0.934435
0.736635       0.946664
1.06699       0.937712
0.950545       0.961035
0.797432       0.952492
1.32796       0.949758
0.944013       0.939384
1.03716       0.963208
1.19939       0.983017
0.839566       0.977438
1.2621       0.993681
0.961367       0.97182
1.10901       0.992829
1.3228       0.935794
0.908498       0.913939
1.16607       0.98374
1.16622       0.976998
1.20194       0.990137
1.26068       0.954838
1.08552       0.990257
0.803547       0.983158
1.34296       0.932101
1.04448       0.976962
0.910237       0.974218
0.878152       0.973281
0.895267       0.970637
0.955912       0.978527
1.08361       0.945575
1.01169       0.951658
0.954248       0.974974
1.02336       0.973221
0.804783       0.959553
1.1811       0.950634
1.1999       0.966587
0.858889       0.956723
1.07949       0.973675
0.837381       0.947474
1.20526       0.959937
0.920421       0.968449
0.927896       0.977543
0.949815       0.969112
0.944865       0.98182
0.839596       0.98356
1.15293       0.987437
1.15476       0.984592
1.03958       0.968755
1.11936       0.963733
0.905783       0.991679
0.881744       0.952792
0.862072       0.973089
0.878985       0.962388
0.792267       0.981258
1.06783       0.966503
0.982926       0.985649
1.20995       0.97898
1.06259       0.97652
0.883146       0.965025
0.821012       0.985868
1.05348       0.912478
1.10011       0.956367
1.41153       0.984931
1.18268       0.963832
0.911114       0.97053
0.997058       0.966455
0.891714       0.980418
0.726617       0.96206
1.09333       0.925454
1.05289       0.935992
1.16852       0.997115
0.782315       0.959448
1.2623       0.971159
0.786111       0.947147
0.773597       0.953408
1.14287       0.992705
0.789056       0.956395
1.02       0.982236
1.00557       0.972293
1.04871       0.987599
0.934131       0.964753
1.09425       0.966357
1.06947       0.979838
1.23702       0.978041
1.14945       0.984495
1.13271       0.981845
1.09929       0.984002
1.06575       0.953131
1.18902       0.938821
0.709847       0.961959
0.936111       0.985655
0.64282       0.909766
0.631681       0.961962
0.830017       0.988672
0.87574       0.892432
1.12055       0.924701
1.15459       0.952217
1.06738       0.941892
0.976296       0.929442
1.239       0.99333
0.905214       0.92648
0.858891       0.982607
1.28855       0.976123
1.33592       0.983019
1.25072       0.974261
1.00415       0.916611
0.800533       0.962744
1.00831       0.973046
1.0717       0.97065
0.829428       0.91638
1.03842       0.993645
0.999465       0.917554
1.16796       0.958933
0.872854       0.96959
1.2743       0.974154
0.948252       0.984478
1.09093       0.975542
1.18992       0.991579
1.23163       0.965417
1.0903       0.95949
1.07089       0.945463
1.10995       0.974538
1.32919       0.977583
1.00906       0.904623
1.1662       0.985207
1.08299       0.949368
1.15056       0.963803
0.885351       0.992763
1.17964       0.918688
0.939529       0.981256
1.21235       0.970108
1.15443       0.979814
1.08256       0.978181
0.896868       0.917353
1.03478       0.958919
0.829045       0.971792
0.790663       0.95704
0.991146       0.984171
1.39504       0.984487
0.942037       0.937479
0.979659       0.912541
1.10994       0.99349
0.989449       0.991597
1.07632       0.986406
1.61032       0.973489
0.954439       0.902159
0.989092       0.976753
0.942723       0.948439
0.951831       0.979902
0.685496       0.877641
0.988997       0.980858
1.03909       0.943811
1.13927       0.956984
0.897326       0.969769
1.13809       0.983634
1.07031       0.989541
1.08326       0.966967
1.15374       0.985164
1.03308       0.984472
0.934852       0.981052
1.10383       0.978082
0.650179       0.955288
0.909757       0.986489
1.35083       0.981466
0.951905       0.978244
0.958505       0.911411
0.858321       0.917105
0.997233       0.975624
0.825103       0.966569
1.34137       0.915326
1.02197       0.986535
1.25765       0.987613
1.09398       0.981977
0.978213       0.876562
1.14463       0.997958
1.12552       0.972658
0.691339       0.976581
1.0061       0.960576
1.16296       0.992096
0.781454       0.924138
0.998851       0.988363
0.677415       0.93455
0.904975       0.986385
1.15386       0.981027
0.863138       0.977339
0.917762       0.981407
0.772837       0.908605
0.869843       0.925694
0.980744       0.976808
1.23471       0.98054
0.921033       0.97889
0.898423       0.97824
1.12623       0.909627
0.932569       0.981935
0.524966       0.92775
1.03096       0.958421
1.18226       0.970898
0.906823       0.96778
1.31288       0.978746
1.2398       0.975776
0.81228       0.88023
0.792988       0.912619
1.04935       0.978734
1.187       0.98732
0.89313       0.981789
0.651521       0.940702
0.796789       0.974973
1.08681       0.967809
0.887242       0.95743
1.07754       0.957278
1.03699       0.984436
0.787028       0.973912
1.01344       0.97078
0.955667       0.968219
0.790362       0.974391
0.918798       0.940265
0.848589       0.951315
1.19619       0.9792
1.1063       0.987399
0.941102       0.918782
0.948992       0.96222
1.02041       0.98719
1.21983       0.976303
0.921229       0.946744
0.772366       0.940392
1.23698       0.926893
1.20238       0.970287
1.10252       0.953097
1.1127       0.982831
0.976522       0.950585
1.23545       0.963849
0.68111       0.946767
0.589522       0.925316
1.03232       0.988379
0.831049       0.941249
0.924089       0.941395
1.07417       0.954382
1.05858       0.997973
1.2048       0.970631
1.00875       0.959773
1.06774       0.970207
1.04393       0.994148
1.14284       0.961911
1.22506       0.974256
0.771201       0.906419
1.22346       0.986055
0.921648       0.961683
0.865005       0.962948
1.04298       0.991502
0.986372       0.964778
1.30164       0.981068
0.923766       0.973152
0.810251       0.897953
1.19567       0.968255
1.02258       0.971919
0.756941       0.958589
0.982861       0.990111
0.71239       0.935595
0.924578       0.973227
1.0373       0.97114
0.758       0.940016
0.9983       0.950885
0.878828       0.976581
0.792006       0.981503
1.15503       0.970757
1.10491       0.993074
1.04818       0.981504
1.01167       0.978068
0.830935       0.986028
0.994292       0.981136
0.927923       0.945342
1.025       0.994403
1.18622       0.948686
1.05695       0.984331
0.988066       0.953759
1.12867       0.938898
0.576692       0.953337
1.01784       0.964661
0.809743       0.909995
0.938223       0.962638
0.774019       0.95979
0.818718       0.972465
1.24836       0.984271
0.954476       0.890403
0.974682       0.977596
0.950574       0.909766
0.955976       0.96518
1.22968       0.980437
1.03919       0.966294
0.793252       0.942489
1.22143       0.974569
0.973804       0.982151
0.940942       0.960749
1.34609       0.948975
0.76941       0.971477
1.26956       0.989568
1.03299       0.963213
0.847526       0.979451
1.01937       0.976392
1.12951       0.993873
0.871024       0.942876
0.945627       0.962013
0.920756       0.970086
0.982548       0.952638
1.0034       0.970128
1.05915       0.974213
1.26734       0.986835
1.09603       0.957422
1.16515       0.97886
1.18198       0.950936
0.835422       0.979029
0.75202       0.991817
0.786416       0.872389
0.962338       0.978478
1.03749       0.981578
1.04748       0.992741
0.817687       0.933653
1.23866       0.943975
0.938392       0.977403
1.21128       0.977875
0.956141       0.992523
1.17758       0.979517
1.12635       0.972923
1.09612       0.967224
1.1217       0.99045
1.24663       0.927254
0.88799       0.890913
1.12328       0.971331
0.95682       0.973475
1.11697       0.972472
1.14105       0.985322
0.939982       0.967408
1.10456       0.975912
1.30013       0.944648
0.934804       0.994067
1.13238       0.952795
0.963453       0.988204
1.08324       0.969958
1.03624       0.989041
0.902916       0.960736
1.01722       0.956191
0.995356       0.956463
1.02894       0.95303
0.987894       0.973044
1.08697       0.917328
0.873538       0.989858
1.10542       0.880867
1.06842       0.863728
1.07471       0.98498
0.89142       0.972749
1.0246       0.975742
1.03146       0.988419
1.1024       0.98938
0.874066       0.973603
1.23031       0.992505
1.0978       0.986015
1.00568       0.96997
0.868401       0.921696
0.742985       0.911453
1.25947       0.983683
0.647301       0.941006
1.06624       0.937047
1.21013       0.985654
0.937904       0.946525
1.15097       0.988042
0.787416       0.947743
1.06567       0.989807
1.14392       0.979412
1.06837       0.972633
1.09685       0.975941
1.04944       0.988345
0.948649       0.936595
0.95073       0.983443
1.20665       0.98201
0.969067       0.937963
0.785024       0.904407
0.918488       0.990879
1.10343       0.939558
0.878247       0.979524
1.19272       0.930991
1.15998       0.980706
1.24004       0.977779
1.07492       0.984341
1.0685       0.99322
0.981767       0.972456
0.950848       0.979609
1.09837       0.97397
0.571443       0.947688
1.05274       0.971172
0.848172       0.955215
1.15753       0.968161
0.898166       0.936537
1.10537       0.995725
0.82537       0.965076
1.04229       0.995392
1.23063       0.989628
1.04079       0.98491
0.857469       0.967445
0.911396       0.993261
1.36045       0.982261
1.0889       0.990593
0.821659       0.983756
1.17486       0.970126
1.03052       0.991585
1.14127       0.983843
1.03239       0.953829
1.20506       0.958799
1.10217       0.923271
1.10762       0.988948
1.17904       0.976627
1.23581       0.945082
0.91256       0.983989
1.1129       0.988794
1.16855       0.98433
0.917773       0.975764
0.901722       0.991125
0.791488       0.963644
0.794625       0.965643
1.26809       0.96091
1.13612       0.950369
0.783261       0.982263
0.96481       0.984773
1.22034       0.972383
0.73962       0.986228
1.01576       0.982748
1.16691       0.960545
1.12771       0.947382
0.91906       0.892936
0.778574       0.949274
1.15413       0.977967
1.09658       0.982751
1.0905       0.990442
0.726159       0.944365
0.871575       0.982924
0.852112       0.991118
1.37924       0.970276
1.09811       0.951182
1.2112       0.974269
1.13128       0.983026
0.865275       0.956339
1.26695       0.982459
1.35202       0.919395
0.946119       0.971257
0.778088       0.955642
0.789172       0.985217
1.38448       0.962196
0.92024       0.992355
1.10575       0.951682
1.115       0.993525
1.07095       0.935755
0.930302       0.966345
0.99571       0.982176
1.04526       0.984204
0.927285       0.960441
0.907772       0.961309
1.0044       0.983124
0.960197       0.978099
0.936661       0.943108
1.05864       0.990416
0.798963       0.9717
0.9586       0.989656
1.22062       0.949687
1.07997       0.970326
0.939364       0.969365
1.09055       0.97741
0.679082       0.953093
0.96441       0.972045
1.29456       0.984585
1.19054       0.982857
1.336       0.992738
1.07456       0.942788
1.31001       0.979174
0.875932       0.952513
0.926474       0.981426
1.06234       0.968523
0.878447       0.969139
1.02563       0.917836
1.01684       0.970423
1.29088       0.985543
0.927329       0.957846
0.971616       0.974659
0.883033       0.986947
0.941069       0.962915
0.981999       0.977444
1.1499       0.964621
0.881562       0.976572
0.918054       0.981959
0.96713       0.914026
1.06782       0.989642
0.950009       0.995497
1.08336       0.903926
0.976934       0.972114
0.833473       0.97706
1.08827       0.954072
0.673082       0.977524
0.873059       0.949589
1.23201       0.989578
0.813217       0.957737
0.91931       0.947666
1.11421       0.982142
0.942524       0.980999
1.15122       0.996987
0.804144       0.987638
0.872875       0.965504
0.998604       0.961786
1.06754       0.979657
0.933006       0.908623
0.791981       0.943274
1.27401       0.909033
0.786048       0.909036
1.15284       0.960461
0.871088       0.946141
0.691151       0.907673
0.872342       0.980245
0.921149       0.97795
1.10354       0.991633
0.963917       0.936033
0.782541       0.976446
0.904693       0.978657
1.00044       0.985648
0.850534       0.975705
1.11419       0.987483
1.22908       0.991065
0.812177       0.99077
0.974111       0.981193
1.15538       0.939928
0.906733       0.948581
1.01551       0.992049
1.049       0.947254
0.882016       0.953841
0.702505       0.918145
1.06498       0.980714
1.23863       0.991051
0.93106       0.949713
0.850786       0.98904
0.909299       0.957891
1.40369       0.980445
1.06961       0.965865
1.1454       0.989523
1.06064       0.982466
0.985321       0.987493
1.1472       0.972728
0.882179       0.975386
1.16252       0.953876
1.03096       0.971424
1.10938       0.97161
1.08799       0.936257
1.06454       0.996778
1.23643       0.980627
1.08387       0.990969
0.773276       0.966201
1.00814       0.956022
0.876133       0.986146
0.819558       0.890941
1.05773       0.98071
1.01214       0.948758
1.14101       0.973734
0.893679       0.991363
0.724908       0.965712
1.43315       0.963725
1.13729       0.953839
1.27618       0.991621
0.733355       0.945956
1.18254       0.942023
0.902316       0.978199
0.966166       0.94648
1.09069       0.979898
0.919405       0.948989
1.0401       0.973083
0.960486       0.958951
1.42748       0.980898
1.08268       0.946495
0.953375       0.97814
0.74465       0.866928
1.13356       0.84476
1.15715       0.998027
1.24393       0.992039
0.972361       0.993263
0.730396       0.96896
0.915385       0.9962
0.797208       0.968797
0.811323       0.970246
0.855793       0.954933
0.975046       0.97829
1.04456       0.978063
0.983457       0.929633
1.11017       0.969519
1.13141       0.988666
1.20548       0.981898
1.03518       0.945699
0.658247       0.979084
0.78562       0.930571
1.24078       0.963369
1.08539       0.969599
0.947861       0.97739
1.4563       0.992454
1.16108       0.950225
0.874676       0.961897
1.06036       0.960622
1.02678       0.988492
1.00639       0.960561
1.02919       0.963029
0.968217       0.985567
1.07819       0.985514
1.14455       0.986841
1.19301       0.98866
1.20992       0.98101
0.795231       0.98079
0.706269       0.951389
1.07523       0.993472
0.835057       0.901869
1.21285       0.948665
1.02972       0.991087
0.64442       0.915931
1.07718       0.981519
1.16174       0.97311
1.02193       0.971473
0.980617       0.973681
0.925506       0.975959
0.872468       0.968761
1.10353       0.956304
1.09472       0.956401
1.26202       0.96935
1.18859       0.990649
0.786913       0.948691
1.00878       0.980884
0.844565       0.929762
1.11688       0.974889
0.811454       0.988475
1.09113       0.982698
1.0382       0.917184
0.919811       0.971066
1.15327       0.977048
1.22682       0.981489
0.910471       0.955233
0.974436       0.943094
1.19986       0.94113
0.749325       0.971703
1.13698       0.982398
0.930252       0.989126
1.08227       0.979803
1.10282       0.981349
0.961257       0.986426
0.8347       0.965729
1.26227       0.991424
0.831526       0.98121
0.920064       0.972426
0.620156       0.971211
0.979349       0.972698
1.17911       0.974332
0.992991       0.929812
1.11786       0.993765
1.1871       0.974819
0.819071       0.994854
1.06394       0.966925
0.857195       0.901932
0.877585       0.989195
1.09741       0.983978
0.954767       0.976057
0.706631       0.953335
0.799665       0.911853
0.693684       0.977826
0.772288       0.953702
0.971949       0.975193
1.33608       0.983193
0.935934       0.974353
1.07072       0.96948
1.16011       0.994262
0.850086       0.946479
1.21528       0.971865
1.00578       0.9841
1.05419       0.957671
0.734377       0.979395
0.964818       0.952146
0.944291       0.975474
1.28005       0.979494
1.06706       0.975358
1.00355       0.94775
1.11419       0.990218
0.660325       0.917297
1.00926       0.961357
0.86095       0.991549
1.10702       0.972014
0.884099       0.968305
0.956295       0.986242
1.06206       0.987668
0.890143       0.935596
0.9666       0.919662
1.0639       0.979829
1.00065       0.985093
1.11009       0.987353
1.29936       0.931405
1.04837       0.994418
0.856308       0.890154
1.18949       0.969833
0.96186       0.986139
1.12136       0.927771
0.972116       0.968897
1.15673       0.949415
1.14374       0.96373
1.16823       0.979608
0.976103       0.990775
0.891501       0.887957
0.827929       0.982066
1.09287       0.924543
1.11394       0.981244
1.0952       0.976835
0.876593       0.990335
0.773274       0.887455
0.924992       0.989365
0.79379       0.931401
1.09924       0.996177
0.990123       0.987741
0.837313       0.956837
1.15766       0.953593
0.795522       0.974063
1.01611       0.975858
1.03104       0.950474
0.952837       0.935249
0.952928       0.985085
1.30993       0.984242
1.00357       0.994924
0.925094       0.987122
0.959539       0.937646
0.575531       0.950555
1.191       0.993562
0.870278       0.926979
0.95183       0.948925
0.973786       0.972146
0.955527       0.990585
1.08666       0.987297
1.16344       0.957917
0.873342       0.896958
0.828227       0.986914
1.13402       0.988143
0.727515       0.907103
0.835832       0.958708
0.964027       0.912627
0.753773       0.965984
1.19266       0.983071
0.781714       0.952477
0.958775       0.988846
1.05128       0.984031
0.915733       0.958256
0.815037       0.971817
1.26947       0.962468
0.882959       0.983481
1.18109       0.985259
1.11994       0.989609
1.0897       0.974263
0.866353       0.962713
1.0294       0.945643
0.715991       0.957655
1.17627       0.990341
0.972037       0.966573
0.998684       0.923529
1.14741       0.973173
1.19734       0.977523
1.04241       0.979479
1.12251       0.968721
1.30812       0.913552
0.9765       0.9775
0.979028       0.970747
0.917561       0.958967
1.09989       0.984907
0.847382       0.983501
0.698752       0.981872
0.749028       0.93574
0.897071       0.975458
1.22407       0.969728
0.9422       0.98485
0.59122       0.7959
0.955376       0.972595
0.910055       0.993372
0.88464       0.913214
1.26634       0.963715
0.932139       0.969878
0.992732       0.975948
0.963749       0.979654
0.92815       0.988246
1.11123       0.990667
1.14755       0.97042
1.17833       0.952327
1.10451       0.974282
0.750513       0.943338
0.829419       0.973769
1.44976       0.987275
0.817325       0.869142
1.18031       0.953424
1.16728       0.962347
0.973096       0.989905
1.24969       0.965931
1.1483       0.974698
1.12976       0.949511
0.899389       0.976497
0.99734       0.963983
0.822006       0.987341
0.916497       0.975719
1.26148       0.983467
1.28647       0.98255
0.999999       0.991004
0.745403       0.937645
1.02219       0.937091
1.00048       0.962428
1.2047       0.958258
1.18181       0.990131
1.43395       0.986318
1.30139       0.978947
1.13871       0.978748
0.830368       0.966285
0.849166       0.983109
1.06855       0.981576
1.0382       0.980067
0.900142       0.989568
0.846641       0.982761
0.859677       0.921069
1.04547       0.94297
0.942244       0.976243
0.729803       0.97247
1.18478       0.986197
0.835828       0.923891
1.10021       0.985274
0.978201       0.978318
0.924403       0.981215
1.19553       0.987115
1.0513       0.986949
1.18614       0.952106
1.02822       0.971258
1.249       0.978777
0.943718       0.983043
1.17456       0.947679
1.31288       0.953654
1.04733       0.972185
1.01378       0.964285
1.13567       0.959549
1.26173       0.987563
1.31867       0.950175
1.26247       0.985911
0.930191       0.968799
1.15478       0.990986
0.714408       0.960747
0.875697       0.976893
1.02829       0.968409
1.32784       0.963323
1.12159       0.878354
0.993537       0.984849
1.1017       0.994271
0.837083       0.896835
1.30352       0.989133
0.903532       0.953915
0.836153       0.975872
1.11505       0.964816
0.688575       0.961484
1.12708       0.972404
0.903194       0.964212
1.20822       0.989396
1.20605       0.975736
1.04475       0.979934
1.08011       0.982821
1.02015       0.9388
0.929067       0.992406
1.30276       0.989223
1.10322       0.983965
0.897885       0.971522
0.936739       0.95416
1.15638       0.961248
0.961002       0.969322
1.02923       0.970281
1.17877       0.970055
1.0758       0.966906
0.921139       0.889037
1.06296       0.980305
1.16509       0.969324
0.935655       0.966736
0.851995       0.966383
1.41594       0.98035
0.874812       0.981106
1.07967       0.973258
0.787221       0.941357
0.92838       0.884692
0.907016       0.984191
1.27152       0.948585
1.13524       0.976838
0.951196       0.982055
1.09821       0.990515
1.26791       0.981037
0.897043       0.965207
1.28047       0.965358
0.959517       0.992272
0.909049       0.979046
1.01737       0.979734
1.24818       0.990865
1.34247       0.94531
1.35787       0.94207
1.14196       0.978373
1.03943       0.95109
0.895315       0.976926
1.16793       0.937725
1.1218       0.899055
0.933269       0.976615
1.36611       0.980665
0.973062       0.964179
1.07707       0.955585
0.681725       0.95118
1.16322       0.957574
0.91624       0.986203
1.13576       0.958651
0.755534       0.952635
0.909247       0.891657
1.16227       0.981741
1.05767       0.963707
1.06289       0.987165
1.06224       0.966036
0.79805       0.93645
0.870723       0.862145
1.34442       0.979253
0.907304       0.964801
1.25186       0.947817
1.09033       0.986151
1.01353       0.986065
1.22825       0.950111
0.928079       0.946337
1.0235       0.973858
0.883313       0.966866
0.661662       0.970205
1.15991       0.91776
0.910527       0.965642
0.922689       0.97456
1.00132       0.982188
1.32936       0.985357
1.03837       0.933406
0.753159       0.922071
1.03823       0.971396
1.26288       0.970047
0.989476       0.969328
0.922653       0.977887
0.96183       0.977607
0.992119       0.995319
1.20323       0.979007
1.04802       0.971854
0.798952       0.978302
1.16066       0.972346
0.817411       0.92819
1.30887       0.993075
1.24617       0.973792
0.900765       0.947051
0.972288       0.978736
0.994429       0.960282
1.11471       0.996773
1.19464       0.990701
1.1045       0.950181
1.11148       0.958495
0.798208       0.971817
0.824752       0.977014
1.06599       0.920812
0.513326       0.930115
0.983317       0.971829
1.33131       0.988798
0.807077       0.96148
1.21564       0.971293
0.837733       0.918537
0.715627       0.963705
1.02654       0.954115
1.00148       0.95596
1.11025       0.975145
0.979325       0.982081
1.03764       0.971719
1.15919       0.963361
1.41259       0.966524
0.975077       0.943656
1.19099       0.980425
1.02785       0.991323
1.25157       0.962302
0.844007       0.971182
1.25437       0.985471
0.644742       0.943273
1.01919       0.985099
0.996264       0.963985
0.989277       0.957507
1.54889       0.977714
1.12313       0.990988
1.11285       0.949353
0.963048       0.978104
1.01644       0.980434
0.955041       0.931279
1.05915       0.986626
1.09589       0.938871
1.18512       0.974866
1.01941       0.945438
1.28245       0.98352
1.06287       0.986811
0.887815       0.958085
0.826264       0.963612
0.91524       0.896168
0.76509       0.97395
1.05882       0.993396
1.00435       0.92997
1.27632       0.943961
0.95856       0.969711
0.905242       0.950066
1.07505       0.98423
1.23653       0.969646
1.05887       0.971673
1.33621       0.944409
0.753324       0.963133
1.16538       0.965271
0.794565       0.964616
1.1146       0.927506
0.88597       0.947501
0.658507       0.965022
1.14789       0.972032
1.0599       0.975608
1.28642       0.991656
1.13865       0.996534
0.996302       0.98521
1.00825       0.984681
0.860323       0.968587
1.16846       0.987126
0.866803       0.968871
1.01999       0.988544
1.25305       0.913255
0.77692       0.988347
0.852632       0.95003
1.20785       0.989395
0.8262       0.966533
0.978481       0.970797
1.31101       0.951649
1.16729       0.954488
1.17391       0.930749
1.07743       0.968416
0.888778       0.986261
0.926547       0.991588
1.14955       0.959314
0.863759       0.933018
0.985704       0.954343
1.01973       0.981682
1.16559       0.99448
1.04822       0.916717
1.03372       0.982945
1.15899       0.988312
0.945257       0.916428
1.04476       0.96868
0.812874       0.925555
1.09158       0.960223
1.09461       0.976708
0.882521       0.974325
0.85533       0.980334
0.997847       0.99117
1.11771       0.977811
0.825048       0.957192
1.14868       0.975892
1.0456       0.956896
0.875931       0.99138
0.898323       0.976421
1.17729       0.984381
1.02054       0.989238
1.16073       0.956953
1.11924       0.9729
1.21181       0.943375
1.40251       0.97586
0.816702       0.946134
0.998096       0.973458
1.04271       0.986053
0.774392       0.958369
0.860579       0.986322
0.967569       0.995578
1.08026       0.974788
0.903301       0.897891
0.909705       0.985209
1.35732       0.993839
1.15841       0.961725
0.843631       0.929786
1.08236       0.956821
1.03652       0.976354
1.24684       0.99503
1.11739       0.969674
1.07222       0.97247
1.10073       0.971729
0.978323       0.928774
0.977914       0.963766
0.875797       0.929864
0.744181       0.942028
1.19851       0.962362
1.26558       0.97655
1.17155       0.96137
0.837288       0.958318
0.90838       0.928962
1.00617       0.98241
1.04274       0.955348
0.629085       0.936917
0.694095       0.96867
1.14676       0.991416
1.17801       0.989676
0.923923       0.921007
1.20993       0.967506
1.17167       0.984456
1.15249       0.988464
0.75654       0.988731
1.06716       0.973111
0.849218       0.963786
1.20282       0.981107
1.25312       0.958049
1.22285       0.984506
1.30491       0.991826
1.10373       0.978876
0.850677       0.991638
1.02114       0.987988
1.02046       0.992326
0.866994       0.979448
0.695524       0.957433
1.11078       0.96408
0.737498       0.960969
1.14039       0.970581
1.01471       0.962178
1.13669       0.992331
0.930572       0.985563
1.14344       0.946392
0.778925       0.926392
1.18891       0.90527
1.1794       0.986383
1.29018       0.974227
1.00319       0.945966
0.695322       0.951004
1.03711       0.962502
1.05321       0.996385
0.94767       0.9648
1.08896       0.996358
0.966099       0.99489
1.04093       0.972278
0.846667       0.895662
0.921616       0.943692
1.16403       0.936312
0.869166       0.955188
0.847904       0.952668
1.03678       0.969175
1.20946       0.970699
0.83103       0.927933
1.09726       0.972973
1.20898       0.986755
1.34102       0.965483
1.40177       0.989755
1.17504       0.982328
0.790987       0.960637
1.36164       0.991406
1.15678       0.992941
1.12105       0.985143
1.22046       0.968933
0.69895       0.985721
0.953458       0.95046
1.05413       0.943499
0.867815       0.975455
0.90364       0.972616
1.32159       0.987002
0.65434       0.953896
1.2211       0.99308
1.1399       0.974544
1.14955       0.944412
0.807297       0.980927
0.926125       0.922849
0.901674       0.919839
1.30819       0.974121
0.913883       0.928274
1.03588       0.992144
1.1163       0.960323
0.870387       0.95746
0.852387       0.96653
0.920186       0.941474
1.23044       0.969014
1.0695       0.959942
0.900246       0.991763
0.905462       0.973604
1.08473       0.989571
1.19689       0.988387
0.912642       0.983548
1.08584       0.993457
1.11877       0.989958
1.26127       0.990368
1.3157       0.929631
0.811031       0.976997
1.1525       0.974938
0.999356       0.967019
0.857969       0.933216
0.872742       0.970219
1.0042       0.932192
1.23461       0.970459
0.779045       0.951594
1.03054       0.944614
0.791807       0.972395
1.10583       0.988846
1.02152       0.985925
0.719886       0.896886
0.986437       0.945632
1.09703       0.971933
1.02248       0.99513
1.28766       0.930498
1.04703       0.963956
0.808213       0.931223
1.04668       0.989054
0.762903       0.964872
1.18331       0.985574
1.10674       0.990523
0.820778       0.948189
1.23951       0.984417
0.600159       0.980066
1.12471       0.99147
1.21171       0.953324
1.11495       0.951213
0.803571       0.958414
1.08293       0.986375
0.914549       0.976654
0.895796       0.962449
0.792537       0.985361
0.751373       0.872697
1.18976       0.98724
1.2649       0.983459
0.956507       0.963894
0.869433       0.991856
0.886812       0.897304
1.17772       0.96785
1.03489       0.929114
1.18122       0.973098
1.0775       0.984626
1.31541       0.974772
1.31134       0.985029
0.842554       0.95217
1.37044       0.967627
1.0803       0.976477
0.674163       0.930893
1.16792       0.949258
1.07707       0.976453
1.30721       0.973168
1.06105       0.976244
1.01198       0.97391
1.31811       0.950982
1.35789       0.982472
1.30739       0.955666
1.06124       0.958686
1.16757       0.958575
1.19989       0.979413
1.02469       0.983188
0.66047       0.93181
1.21751       0.976123
0.985236       0.97255
0.968888       0.993135
1.35055       0.964553
0.876343       0.965332
0.688896       0.887239
1.01039       0.96503
0.981831       0.985555
1.02591       0.984277
1.18891       0.972777
0.793976       0.959349
0.882819       0.976275
1.23477       0.962705
0.845145       0.978336
1.08648       0.993873
1.10535       0.941696
0.725454       0.942886
0.970481       0.924024
0.991161       0.917625
0.979351       0.982012
0.781708       0.986789
0.937521       0.98363
0.914174       0.984411
1.02509       0.952921
0.782035       0.985661
0.93669       0.998126
1.11884       0.961125
0.956899       0.988323
1.13891       0.940046
0.930134       0.98002
1.23351       0.979404
0.982694       0.96334
1.05723       0.936809
0.953906       0.987103
1.06884       0.965406
1.09839       0.96815
1.01875       0.899299
1.04685       0.992496
0.847272       0.9679
1.13325       0.92904
1.04292       0.97377
1.09272       0.97411
1.25671       0.953166
0.837707       0.975376
1.36941       0.978585
1.19969       0.98872
1.09554       0.956928
1.18288       0.959867
0.958726       0.984007
0.915409       0.990786
0.947134       0.989922
1.00529       0.975593
1.21618       0.974402
1.06984       0.981218
1.11679       0.965553
0.919789       0.980594
0.847901       0.990863
1.41329       0.976502
1.04648       0.92906
1.15795       0.947609
0.764661       0.966247
0.788866       0.931369
0.977593       0.983827
1.0611       0.958482
1.17351       0.967869
0.765831       0.954251
0.876466       0.976124
1.19665       0.963221
1.2546       0.980152
0.749921       0.95478
0.942906       0.985752
0.991511       0.967059
1.03246       0.93983
0.84814       0.951725
1.01737       0.981392
1.31848       0.943773
1.23611       0.97008
0.938249       0.989359
0.858048       0.973032
1.15636       0.989269
0.855629       0.955295
0.809827       0.933493
1.27098       0.97405
1.13951       0.971924
1.05032       0.994096
0.878622       0.963101
1.00944       0.977125
1.0616       0.995753
1.13748       0.978405
0.844649       0.984133
1.01936       0.907742
1.33555       0.983098
0.8302       0.930574
0.986446       0.983907
0.838061       0.971884
1.14734       0.959765
1.03238       0.98259
1.26631       0.985991
0.82992       0.977502
1.07155       0.968852
1.20963       0.967947
1.46484       0.984333
0.96354       0.985109
1.0693       0.980843
0.857541       0.911266
0.953029       0.975561
0.876725       0.968615
1.03123       0.978204
0.946295       0.967127
0.937609       0.939129
1.11057       0.972092
0.995864       0.960454
0.872633       0.970118
1.1389       0.958416
1.31449       0.982337
0.980408       0.956604
1.26925       0.976916
1.00736       0.949198
0.865132       0.934938
1.24368       0.930144
1.33838       0.992652
1.17221       0.984633
0.819634       0.897193
0.86144       0.878497
0.894157       0.976072
1.0679       0.949579
0.922165       0.979079
1.0264       0.986902
0.890662       0.961119
1.21095       0.970264
0.778764       0.975674
0.943762       0.965102
1.01468       0.993445
1.37668       0.978251
1.01277       0.984018
0.515995       0.910281
1.06154       0.972358
1.00735       0.970725
0.98397       0.984272
0.897921       0.974697
0.856172       0.977681
1.36518       0.91296
1.19221       0.9623
0.997778       0.970996
1.07938       0.849122
1.11978       0.9922
1.05355       0.963706
1.1494       0.987045
0.926003       0.974244
1.05151       0.959559
1.06991       0.983095
1.02731       0.963055
1.33612       0.990392
0.962624       0.974336
0.738317       0.922644
0.866873       0.958652
0.921736       0.984891
0.844387       0.974551
0.750817       0.978639
1.21096       0.991896
1.16276       0.97545
1.12415       0.934984
1.27459       0.966459
0.89912       0.969164
1.45135       0.981393
1.10757       0.939529
1.13389       0.97065
1.01204       0.973478
1.36122       0.978279
1.07206       0.977316
0.928698       0.94484
1.01162       0.982031
0.824122       0.977757
1.21102       0.985138
1.1408       0.975566
0.887886       0.964577
1.26109       0.959405
1.08525       0.991757
0.784481       0.963202
0.929801       0.992044
1.05645       0.986004
1.09462       0.976363
1.07693       0.981374
1.14406       0.968388
0.800261       0.947193
0.951563       0.970488
0.905146       0.970242
0.803989       0.976601
1.02937       0.959781
1.0007       0.993238
0.930312       0.961798
1.19802       0.989816
0.888756       0.962875
0.803199       0.941095
1.15491       0.981733
1.40867       0.982022
0.910469       0.982294
1.0355       0.90673
1.11796       0.985577
1.02684       0.91391
0.875709       0.986535
0.825758       0.978597
1.25691       0.976144
1.08937       0.882108
0.905481       0.987723
1.10263       0.975841
0.744643       0.987121
0.879409       0.954106
1.18416       0.961729
1.1366       0.991374
0.655643       0.949669
0.514188       0.891095
0.90022       0.963096
1.07662       0.989684
0.957118       0.950144
1.05722       0.978194
1.17788       0.981971
0.923499       0.91744
0.910938       0.98539
1.11663       0.960348
1.07076       0.977493
1.2884       0.988331
1.04194       0.99144
1.0307       0.961342
0.995766       0.991753
1.12045       0.863384
0.880494       0.978097
1.18927       0.947286
1.20466       0.985685
1.05855       0.982505
1.24689       0.988908
1.00549       0.983165
1.0604       0.950216
0.71558       0.973777
0.924863       0.991534
0.815726       0.977941
0.994793       0.970471
0.687052       0.886684
0.989371       0.97889
1.3466       0.977607
0.858332       0.916752
0.884672       0.938216
0.981043       0.975428
0.855928       0.944751
1.22184       0.956666
0.771076       0.990436
1.06681       0.988279
0.885929       0.953656
1.00908       0.985036
1.07702       0.995168
0.886671       0.900678
0.766845       0.976827
1.0071       0.969783
1.01103       0.991197
1.08749       0.960654
0.887042       0.967961
0.86682       0.944838
1.06379       0.921379
0.984818       0.96716
0.786554       0.962262
1.22682       0.957466
0.729084       0.942333
0.847665       0.967126
0.769311       0.93164
1.16139       0.960459
1.12752       0.996696
1.10242       0.968023
1.13561       0.955493
1.30782       0.993525
0.793395       0.963252
0.828639       0.963463
1.15635       0.931938
0.818064       0.924912
0.926087       0.965119
1.0028       0.930884
1.06804       0.984336
0.834137       0.945038
1.21002       0.991441
0.684049       0.941382
1.08865       0.934756
1.08218       0.968563
1.11808       0.984382
1.22787       0.978903
1.02078       0.985297
0.97832       0.99729
1.07526       0.954367
1.02899       0.991303
1.10873       0.986714
1.04091       0.979281
0.782126       0.968733
0.998523       0.964747
0.886081       0.981798
1.11031       0.992136
0.952676       0.966856
0.820835       0.927266
1.11333       0.98714
1.03799       0.964375
0.913214       0.966154
1.00914       0.990083
1.16358       0.951711
1.04412       0.975899
1.21575       0.969544
0.919336       0.959564
0.997201       0.961016
1.33623       0.989914
1.19623       0.950932
1.07758       0.982468
1.59211       0.962528
1.07995       0.984072
1.02662       0.966481
0.912586       0.936608
0.812804       0.936533
1.06552       0.961369
1.15186       0.969797
1.07678       0.962336
1.05276       0.976361
1.22821       0.985254
1.33708       0.952776
0.757182       0.948148
1.37071       0.979807
1.12972       0.973829
1.25966       0.970716
1.14795       0.985599
1.30367       0.933839
0.657219       0.922305
1.04508       0.981794
1.10382       0.988735
1.1675       0.984747
1.02009       0.990498
0.873522       0.965365
0.825514       0.952535
1.09253       0.943996
0.821793       0.978485
0.984168       0.986469
0.977611       0.989724
1.04424       0.973534
0.547385       0.948404
0.736579       0.948687
0.962404       0.980251
1.21589       0.988266
1.06983       0.961582
1.29888       0.987298
0.897952       0.978126
1.07316       0.984084
1.14397       0.982025
0.855772       0.862285
1.16       0.967661
1.30841       0.990456
1.15033       0.984682
1.28735       0.984856
1.00826       0.990847
0.94054       0.982045
1.03371       0.977099
0.905197       0.972356
1.08065       0.988112
1.03314       0.981255
1.05472       0.948372
0.951741       0.965732
0.88051       0.96185
1.21572       0.968339
0.825889       0.876286
0.895514       0.969955
1.09714       0.880628
1.04539       0.995717
0.972468       0.890875
1.06093       0.95051
1.20519       0.985459
1.09997       0.984011
1.12456       0.95072
1.17263       0.988665
1.09915       0.98388
1.02149       0.954156
1.21393       0.936481
1.1013       0.98554
1.18817       0.984587
0.741613       0.956172
1.20819       0.981706
0.985204       0.984731
0.836557       0.907532
1.20152       0.964789
1.20838       0.957984
0.849617       0.92795
1.01893       0.940666
0.980671       0.926021
0.961588       0.968001
0.988193       0.943063
1.14254       0.954482
1.047       0.970861
0.953921       0.970679
0.860322       0.980381
1.3888       0.9806
0.896098       0.982498
1.06463       0.980094
1.20167       0.986029
1.17362       0.985074
0.711745       0.966164
0.85243       0.972996
1.37066       0.948844
1.21189       0.959439
1.2526       0.993149
1.34239       0.975191
0.799403       0.944495
1.07362       0.986479
1.13542       0.980488
1.01566       0.964501
1.05168       0.994803
1.05431       0.987089
1.5261       0.920876
1.19664       0.982589
0.7494       0.9632
0.808654       0.961838
0.777804       0.960381
1.25951       0.964366
0.908393       0.957387
0.835758       0.950865
1.22048       0.988346
1.08694       0.981753
1.07834       0.928551
0.957286       0.939368
0.901674       0.987596
0.845348       0.9681
0.901596       0.991907
1.21545       0.954495
0.704518       0.971556
1.21363       0.989717
0.860906       0.970317
1.08219       0.958246
1.09648       0.96437
1.31952       0.945523
0.928436       0.970078
1.24421       0.977467
1.15086       0.962571
1.15089       0.93926
0.988006       0.979147
0.955059       0.981757
0.93356       0.989081
1.08936       0.89563
1.18462       0.993034
0.754784       0.953113
0.863371       0.930505
1.06367       0.978936
1.1934       0.994184
0.925816       0.974994
1.13234       0.975405
0.942156       0.949742
1.06316       0.972221
0.924013       0.955823
0.790829       0.970191
1.16639       0.964537
0.900026       0.928943
0.837023       0.960263
0.808325       0.964275
1.012       0.981902
0.828631       0.894469
1.25675       0.981247
1.06895       0.985917
1.12917       0.981326
0.80518       0.969357
1.02353       0.96821
0.846566       0.933457
0.927717       0.913289
0.896051       0.989127
0.868029       0.94559
1.0368       0.976725
1.37322       0.981706
1.15947       0.985447
1.3188       0.978829
1.27214       0.941608
1.1604       0.938823
0.98647       0.942167
1.07799       0.940669
1.07094       0.906495
0.890287       0.942362
1.05297       0.962969
1.22879       0.989834
1.37435       0.975011
0.680171       0.978338
0.776436       0.977439
0.838871       0.93748
1.01901       0.992788
1.13938       0.982474
1.35587       0.924194
0.880223       0.870563
1.39516       0.980633
1.01294       0.954049
0.874102       0.947474
0.907338       0.995527
0.949937       0.967408
1.17763       0.94295
0.994103       0.975741
0.802153       0.966882
0.783037       0.947943
0.985429       0.980536
1.03068       0.978581
1.34587       0.951217
0.937992       0.920888
1.03025       0.986872
1.12644       0.971404
0.952802       0.969327
0.880427       0.865573
0.999363       0.972036
0.966835       0.978516
1.10251       0.963772
0.97838       0.929622
0.8236       0.936008
1.01433       0.973746
1.00045       0.943773
1.09231       0.974528
0.911041       0.911332
1.09645       0.988527
0.969804       0.978944
1.06223       0.949712
1.113       0.993827
0.961215       0.939432
1.10631       0.974788
0.864093       0.960999
1.26901       0.975949
0.887805       0.932723
1.11572       0.965928
0.767139       0.913005
0.936824       0.966484
1.33748       0.965422
0.892761       0.937988
1.1153       0.96903
0.740234       0.91584
1.33372       0.991853
1.03117       0.966483
1.01727       0.975808
0.927348       0.968058
0.901735       0.96091
1.21723       0.96616
1.23489       0.987902
1.09328       0.985222
1.24103       0.980254
1.25231       0.96147
1.07016       0.971949
0.707605       0.852089
0.963472       0.985879
0.977461       0.954817
1.03312       0.989556
0.777558       0.92648
1.3356       0.99305
0.851084       0.97956
0.885774       0.977871
1.02612       0.981528
1.22576       0.969256
1.21807       0.980517
1.2398       0.988009
0.832377       0.946702
1.1251       0.972378
0.882898       0.984382
0.944415       0.981736
1.03477       0.959449
0.885774       0.991302
1.39591       0.994057
0.962267       0.975554
1.13292       0.979293
0.971954       0.956637
0.862233       0.983809
1.09662       0.985934
1.05776       0.902513
0.810693       0.943677
1.28374       0.966446
0.882726       0.972994
0.897954       0.98286
0.853764       0.95667
0.789421       0.959958
1.05978       0.988165
0.768192       0.924776
1.0886       0.990225
1.06666       0.975455
1.35385       0.972116
0.696125       0.93429
0.996878       0.919911
1.29555       0.940828
0.92672       0.976652
1.00732       0.982649
0.990687       0.97514
0.846618       0.978238
1.10419       0.984694
1.03804       0.994627
1.32996       0.936012
1.31118       0.990898
1.21941       0.942041
0.843943       0.984735
1.10237       0.952642
1.24284       0.989207
1.01987       0.943652
0.908754       0.965533
0.90236       0.991689
0.845765       0.978541
0.978102       0.964521
1.31357       0.955157
0.983777       0.983799
1.19016       0.964551
1.16205       0.978108
0.865802       0.982538
1.01027       0.953168
1.00925       0.882971
1.22969       0.984188
1.00541       0.985298
0.957552       0.944711
1.35874       0.981592
0.95903       0.947534
1.03097       0.978567
1.14291       0.956471
0.979736       0.973962
1.39492       0.966862
0.796447       0.966233
0.68935       0.947924
0.747855       0.948301
1.23604       0.961957
1.06477       0.991837
1.07075       0.972431
0.882463       0.930352
0.943406       0.979007
1.14376       0.980053
1.29231       0.961013
1.17887       0.975907
0.873384       0.936739
1.01797       0.96152
0.93376       0.987938
0.973053       0.987438
1.19608       0.97134
1.15604       0.99381
1.12961       0.934733
0.943537       0.939196
0.83305       0.975093
1.15343       0.965358
1.18333       0.994108
0.97726       0.915405
1.09879       0.967886
0.844888       0.948764
1.11731       0.962892
1.18428       0.972834
0.85533       0.971174
1.17075       0.991823
0.843949       0.957564
1.03763       0.847361
0.883731       0.993708
0.893705       0.936974
1.07151       0.910197
1       1
