0.852498       0.973907
1.14343       0.990944
0.835836       0.964058
1.07001       0.980597
1.16545       0.981681
1.09331       0.944396
0.730204       0.939349
0.901751       0.926611
1.01352       0.983934
0.750634       0.943215
0.963403       0.9754
1.09747       0.95717
1.00136       0.96952
0.926742       0.987331
0.952537       0.953898
0.999253       0.977203
1.02136       0.997875
0.763704       0.886574
1.20308       0.971871
0.858023       0.986814
1.00681       0.99656
1.21757       0.972086
1.22696       0.965771
0.791575       0.973714
1.08787       0.986746
0.801291       0.969949
0.752145       0.958238
1.16671       0.994547
0.975098       0.995071
0.819128       0.977437
1.12576       0.95658
1.03222       0.988536
1.18753       0.963964
1.01449       0.991576
0.883365       0.944626
1.00066       0.98903
1.2528       0.984081
1.03265       0.971575
0.89817       0.985541
1.09469       0.97534
0.955013       0.983331
0.927989       0.967569
0.985785       0.987537
1.19854       0.993575
0.912913       0.957783
1.05112       0.930299
1.13576       0.946895
0.864854       0.974399
0.897409       0.985001
1.10477       0.98001
0.95812       0.960887
0.98494       0.982828
1.19769       0.980402
0.816242       0.97374
0.846904       0.960264
0.948292       0.936104
0.805825       0.977555
1.03188       0.994993
1.06008       0.991421
1.01309       0.982878
0.899335       0.943474
1.27995       0.984954
1.08597       0.993249
0.898903       0.981589
0.813998       0.977387
0.901006       0.957782
0.881802       0.969503
1.0502       0.982734
1.13084       0.982428
0.943534       0.978569
1.03837       0.973541
1.12657       0.985518
1.12047       0.987836
1.15504       0.979946
1.17318       0.959063
1.03111       0.991925
0.877109       0.9524
1.02586       0.975544
0.880746       0.984175
1.02614       0.977916
0.836314       0.985611
0.902547       0.973245
1.18003       0.991503
0.9694       0.986394
0.81051       0.965044
0.930076       0.982486
0.73747       0.96488
1.10657       0.966139
1.06718       0.975632
0.706043       0.956159
1.04479       0.960435
1.25008       0.935642
0.848818       0.964381
0.887143       0.977271
0.896193       0.948392
1.0464       0.986595
0.858872       0.979062
0.867853       0.959931
0.871054       0.945747
1.06579       0.959391
0.811027       0.980036
1.15933       0.985813
0.896044       0.950185
1.03427       0.994758
0.900198       0.977807
1.25401       0.98822
0.879965       0.979941
1.19592       0.989326
1.35971       0.978332
1.17582       0.97752
0.765956       0.961162
0.930676       0.950444
1.20467       0.971192
0.971594       0.991064
1.15894       0.991316
1.03388       0.986593
1.13571       0.952628
1.12858       0.987792
0.998615       0.969922
1.08575       0.983474
1.30736       0.958454
1.11103       0.951369
0.930838       0.974296
1.07598       0.976473
0.869238       0.950612
0.94874       0.98995
1.0798       0.988219
0.909079       0.972338
1.18164       0.964129
0.93674       0.96165
1.364       0.958794
1.08871       0.957997
0.841426       0.98821
1.03797       0.978912
0.938376       0.986476
1.15083       0.990644
1.06455       0.93777
0.913066       0.956268
0.967567       0.918506
1.20767       0.991289
1.30694       0.975223
0.788233       0.975868
0.810878       0.95835
0.859157       0.945268
0.986037       0.954264
1.03812       0.975569
0.883927       0.948099
1.10012       0.995012
0.8067       0.914604
0.906661       0.963379
0.966634       0.994144
1.17132       0.970894
1.05995       0.992279
1.20965       0.976329
0.86395       0.962452
1.22139       0.990362
1.10178       0.948975
1.16108       0.99116
0.811936       0.961904
1.30727       0.990647
1.05267       0.975087
1.06501       0.956445
0.929183       0.962981
0.805766       0.968276
0.742928       0.974399
1.08825       0.994681
1.06701       0.985547
0.928612       0.967699
0.874107       0.973375
1.02575       0.946551
0.885732       0.963432
0.922728       0.981969
1.14331       0.92817
1.04374       0.971814
0.879275       0.96426
1.01486       0.988822
1.05088       0.973371
0.941279       0.937322
1.01286       0.979949
0.990016       0.99662
1.2136       0.976073
1.1196       0.992327
0.879306       0.990192
1.11312       0.988801
1.58113       0.986892
0.99306       0.984151
0.959709       0.98829
1.24876       0.995156
1.11748       0.982986
1.08394       0.989028
1.10416       0.991482
1.14998       0.98112
0.831202       0.970977
0.885345       0.959329
0.925614       0.95287
0.822537       0.947881
1.12597       0.989003
0.866962       0.963207
1.12268       0.997629
0.992957       0.969005
1.1686       0.979515
0.832357       0.966685
1.13653       0.97395
0.865126       0.958384
0.975834       0.950959
0.802807       0.948086
1.18258       0.987595
0.982105       0.974989
1.0015       0.981331
1.01172       0.985523
0.876111       0.962429
1.06394       0.988908
1.14348       0.983706
1.10166       0.981976
1.12847       0.982257
0.962486       0.970582
1.00255       0.916201
0.822392       0.969197
0.985941       0.986199
0.917541       0.990508
1.1463       0.988699
1.05953       0.992696
0.94333       0.959294
1.22596       0.98933
0.929959       0.987286
0.992999       0.960395
0.748268       0.971448
0.913556       0.970288
1.01961       0.97659
0.96673       0.970848
1.05942       0.987093
1.16346       0.982061
1.01996       0.962372
1.06583       0.973111
1.08194       0.98268
0.943025       0.992429
0.936053       0.987706
1.02265       0.989984
1.18903       0.926379
0.951737       0.97529
0.948828       0.977371
0.851185       0.952353
1.00542       0.994208
1.08446       0.961498
0.692654       0.929533
1.09107       0.944742
0.985152       0.982725
1.17512       0.978882
1.03371       0.970528
0.785017       0.968697
1.09174       0.97728
0.998184       0.949327
1.30937       0.954751
1.04088       0.990383
1.05747       0.984759
0.951053       0.995036
0.960493       0.976056
0.907917       0.98311
0.994379       0.986253
0.848131       0.962818
0.799145       0.965892
0.913873       0.96684
1.1632       0.991818
0.677662       0.964244
1.12473       0.991971
0.90018       0.94878
1.09461       0.987047
1.06874       0.958612
1.00547       0.975208
1.13925       0.946651
0.953714       0.979217
0.971012       0.987653
0.965096       0.975712
0.865616       0.976791
1.02786       0.989375
1.02292       0.987029
0.995031       0.992285
0.98427       0.986215
1.1013       0.944249
0.936637       0.987029
1.09952       0.984988
0.920793       0.975316
1.09351       0.927873
1.07465       0.9789
1.01685       0.979452
0.915881       0.958548
1.15277       0.95472
0.92919       0.979683
0.816909       0.967733
1.04577       0.996262
1.01055       0.981852
1.13209       0.983645
0.99274       0.9744
0.804107       0.895822
0.975089       0.980876
1.01955       0.9692
1.13165       0.984026
1.00766       0.99058
1.22953       0.989283
0.92266       0.93825
0.716857       0.905196
0.867581       0.976206
1.07488       0.913326
1.0606       0.965658
1.04031       0.943059
1.07013       0.974525
1.19149       0.97899
0.990515       0.959206
0.997935       0.983158
1.02275       0.995409
1.01126       0.959817
1.09943       0.94421
1.02952       0.9846
1.13957       0.956012
1.14938       0.985756
1.05931       0.956056
0.961702       0.989017
0.791814       0.984724
1.19227       0.971142
1.09976       0.980536
0.851585       0.966733
1.11926       0.947385
0.868001       0.973394
0.970332       0.988089
0.84697       0.986895
0.894436       0.975267
0.907174       0.992147
1.05837       0.985889
1.27441       0.989736
1.14869       0.930026
1.13052       0.94675
0.80098       0.977768
1.12714       0.965831
0.761503       0.978043
1.00203       0.983258
0.997628       0.975819
1.06698       0.978874
0.961609       0.953216
0.865988       0.976565
1.02949       0.957612
0.875706       0.980569
0.934339       0.965005
0.940229       0.965488
0.930486       0.988637
1.18181       0.974459
1.08027       0.982864
0.79798       0.985347
0.735722       0.955259
1.08759       0.974006
0.888883       0.97507
0.942806       0.98818
1.15847       0.975608
1.20703       0.972759
1.0167       0.985089
1.00602       0.976528
0.873406       0.970571
1.08777       0.98013
1.31677       0.927346
0.725388       0.911945
1.21988       0.970347
0.811571       0.980561
1.03341       0.974758
0.92727       0.993708
1.1324       0.955692
0.895089       0.956418
1.10361       0.985282
1.26811       0.964236
1.00742       0.982514
1.1593       0.996972
1.04678       0.988863
0.921194       0.991924
1.06857       0.98849
0.959429       0.982641
0.981963       0.991687
0.932431       0.984592
1.06068       0.99698
0.950534       0.987241
1.0418       0.975912
1.21278       0.98785
1.21388       0.979902
0.875804       0.965302
1.06309       0.990808
1.1897       0.97592
1.10827       0.993143
1.06872       0.988474
1.04065       0.977177
0.867367       0.985598
0.934597       0.948767
0.909118       0.956669
0.988965       0.968029
0.943852       0.958684
0.84727       0.984637
0.659799       0.883293
1.16961       0.953283
1.23969       0.982902
0.781453       0.947599
0.755769       0.930125
0.969978       0.953338
1.08475       0.943268
1.01228       0.990102
1.17081       0.98144
1.1094       0.967214
0.966059       0.963349
0.753275       0.932477
0.892866       0.964827
1.1825       0.950798
1.13114       0.98938
1.06015       0.961536
0.94103       0.98156
1.16048       0.962716
1.04935       0.99184
0.954096       0.984462
1.0113       0.974381
0.97031       0.972941
1.1818       0.981762
1.1198       0.986666
0.974802       0.954183
0.92093       0.975811
0.85832       0.934665
0.816624       0.966434
1.18554       0.981465
0.886597       0.942467
0.87114       0.960756
0.941274       0.993862
1.15967       0.985756
1.11427       0.980944
0.925024       0.940103
1.16277       0.994945
1.24611       0.980567
1.12716       0.990714
0.891859       0.936062
1.05875       0.960422
1.09662       0.957796
1.27878       0.955968
1.07307       0.975351
0.995473       0.988942
1.27196       0.977608
1.02343       0.981449
1.07759       0.966231
1.18732       0.935512
1.10576       0.989909
0.940146       0.99065
1.06039       0.972685
1.16345       0.972502
1.09764       0.985931
0.998829       0.99425
0.973196       0.98027
1.24514       0.971293
1.25176       0.996859
0.988631       0.99215
1.06762       0.952331
0.979747       0.970515
1.12577       0.985446
1.089       0.955695
1.2899       0.96186
1.24475       0.958172
1.11239       0.967072
1.14706       0.988549
0.799175       0.974834
0.860679       0.942734
0.776721       0.971849
1.075       0.991577
1.08535       0.989983
0.915294       0.984973
1.00362       0.982488
1.00246       0.966378
0.87862       0.98251
1.17686       0.984793
0.9255       0.951256
0.960382       0.989665
1.31019       0.941307
1.18399       0.981556
1.19554       0.986531
1.23578       0.964394
0.992865       0.994335
0.952445       0.989089
1.09769       0.97685
0.874383       0.960462
1.27008       0.951532
1.14598       0.989066
0.998587       0.960895
1.06496       0.995107
1.00077       0.979747
0.924496       0.992116
1.03852       0.991764
1.15252       0.984642
1.17292       0.978484
0.94622       0.960557
1.15489       0.917022
0.875824       0.967699
1.33014       0.96241
0.998006       0.981359
1.0293       0.977449
0.812632       0.980375
1.05239       0.987655
1.00844       0.966547
0.883933       0.964567
0.764664       0.982483
0.998268       0.975928
0.978118       0.95963
1.14073       0.92518
0.923405       0.97912
1.06166       0.990924
1.31743       0.991875
0.959921       0.984175
0.776542       0.967931
0.904106       0.973097
1.09086       0.899076
0.936313       0.989428
0.829375       0.973766
0.945125       0.951531
0.899584       0.967763
1.11131       0.982451
0.924777       0.987237
1.2693       0.992445
0.759449       0.925661
0.862528       0.94199
1.23288       0.971893
1.14931       0.985088
1.15074       0.992289
0.987677       0.967466
1.09117       0.988615
1.03574       0.970643
1.21955       0.955205
1.02676       0.982214
1.05331       0.989554
1.01114       0.986967
1.06198       0.979514
0.933495       0.989429
1.00233       0.992671
0.830003       0.96816
1.21692       0.98454
0.931835       0.983639
1.26527       0.974072
0.853972       0.931126
0.978015       0.984162
1.18577       0.97448
1.00774       0.976438
1.00067       0.978523
1.07425       0.990719
0.945812       0.967031
0.889124       0.986505
1.16662       0.988179
1.02328       0.981269
1.073       0.963274
0.765112       0.978301
1.09276       0.982557
0.872293       0.94743
1.26935       0.994207
0.852507       0.953056
0.934513       0.961272
0.951688       0.962679
0.874492       0.949013
0.81722       0.968506
0.995193       0.955681
1.02404       0.985095
1.16681       0.976858
0.928982       0.980358
0.996169       0.978747
1.19766       0.990131
1.02838       0.987577
1.18002       0.974317
0.8486       0.942433
1.13622       0.917739
0.808946       0.973854
0.719382       0.970601
0.911719       0.931341
1.07327       0.975556
0.952658       0.991877
1.05229       0.955168
0.901824       0.993544
0.979614       0.986936
1.08687       0.988835
1.01799       0.989441
1.11919       0.96004
0.863994       0.975693
0.888525       0.970048
0.797439       0.959752
1.16283       0.985977
0.95409       0.984342
0.973116       0.982593
1.12923       0.991267
1.25671       0.982762
1.14661       0.984288
1.16594       0.972895
0.943803       0.981995
1.13167       0.976685
1.25338       0.987093
0.948825       0.974896
0.958061       0.974015
1.20098       0.970941
1.08914       0.92989
0.876118       0.984755
0.76544       0.964969
1.18286       0.992559
0.93792       0.977415
0.946579       0.991386
1.03671       0.995556
1.22673       0.973414
1.05513       0.953223
1.02572       0.988074
0.889703       0.981651
0.972415       0.982241
0.875324       0.933517
0.989738       0.981174
0.926449       0.980908
1.01697       0.987092
0.955448       0.984434
1.10709       0.948472
0.891347       0.95484
1.09162       0.983601
0.965792       0.979487
1.05979       0.990826
0.794739       0.978633
1.0199       0.980839
0.946757       0.994452
1.12442       0.990596
0.806286       0.933641
0.958376       0.969392
0.633969       0.8629
0.874058       0.989412
0.964595       0.987309
0.726477       0.976991
0.937619       0.990182
1.14141       0.966094
0.949041       0.996096
0.97819       0.917618
0.874681       0.966228
1.03959       0.953918
0.943012       0.977378
1.00174       0.992892
0.938916       0.969325
0.924954       0.970727
1.26214       0.982692
1.09009       0.977344
0.965797       0.962617
1.05333       0.990981
0.870358       0.975568
0.985924       0.980288
1.234       0.988347
0.945653       0.987444
1.08367       0.984845
0.984365       0.933585
1.14799       0.975115
0.920537       0.982314
0.961098       0.995056
0.943923       0.973619
0.882314       0.973196
1.05004       0.988225
1.16899       0.948475
0.890892       0.984334
1.00936       0.983056
1.13274       0.94928
1.19783       0.982588
0.99986       0.974603
1.0813       0.986569
0.979603       0.993871
1.04199       0.962748
1.16344       0.98843
1.45257       0.986521
0.892089       0.984387
1.10421       0.991468
0.988754       0.983718
1.00495       0.933612
1.0664       0.974537
0.985786       0.992795
0.876334       0.945844
0.850621       0.983722
0.860638       0.976838
1.12678       0.967481
1.22098       0.984421
0.878699       0.929004
0.79976       0.950107
0.715353       0.976629
0.808474       0.947589
1.07419       0.944843
1.02486       0.969415
1.18007       0.966184
0.984003       0.987024
1.33739       0.964189
1.03754       0.94972
1.1374       0.99511
1.26688       0.982062
0.993415       0.961165
1.22717       0.990731
1.18681       0.986867
0.850099       0.948321
1.25698       0.967284
0.991064       0.993383
0.831217       0.976502
0.89738       0.94885
0.9427       0.941448
1.15236       0.968387
1.23688       0.964571
1.02483       0.987503
0.99864       0.912882
0.911297       0.982296
0.938872       0.971806
0.99841       0.993209
0.97967       0.990609
1.0285       0.978191
1.05761       0.987113
1.18899       0.983052
0.84158       0.990168
0.850479       0.954345
0.943342       0.990765
0.935056       0.977486
1.03775       0.98825
0.962268       0.992154
1.2586       0.967842
1.14478       0.992334
1.27966       0.992052
1.30723       0.967121
0.98452       0.991801
1.01668       0.943662
0.898178       0.960577
1.09874       0.975732
1.07287       0.962434
0.786683       0.920494
0.989515       0.977156
0.757934       0.992009
1.16946       0.96795
0.923259       0.993012
1.04883       0.993156
1.18309       0.994627
0.974404       0.97784
1.29041       0.991993
0.965764       0.993396
0.919477       0.992794
0.993792       0.93494
0.855435       0.979764
0.797807       0.943528
1.22403       0.965903
1.01908       0.987835
0.93603       0.940492
1.03035       0.966507
0.995457       0.989887
1.09627       0.980196
1.25184       0.988749
0.943854       0.972799
1.17107       0.988493
1.05494       0.988686
1.02466       0.97712
1.05902       0.980161
0.608843       0.916172
1.07367       0.93412
1.10625       0.992825
0.971512       0.985746
0.901331       0.991074
0.909774       0.982762
0.963987       0.98358
0.901344       0.946175
0.892469       0.928051
0.967158       0.988758
0.986804       0.983727
1.15442       0.983358
1.01201       0.986673
0.901136       0.992216
1.34227       0.962991
1.07429       0.926485
1.13928       0.985882
1.31037       0.974261
1.03098       0.983668
0.865871       0.991528
1.05995       0.991646
1.0089       0.958412
0.917178       0.98972
1.03893       0.954571
0.905152       0.969247
1.03879       0.990814
1.08915       0.988922
1.10517       0.991412
0.798071       0.988113
0.887471       0.920247
0.92623       0.976397
1.07929       0.988135
0.818824       0.983354
0.997585       0.977261
1.12542       0.990756
0.833281       0.964157
0.99079       0.990719
1.16765       0.995551
0.956056       0.997151
0.974913       0.996024
1.09258       0.962565
0.96713       0.97442
1.10952       0.976121
1.18381       0.975675
1.22259       0.985189
0.912655       0.971112
1.14757       0.980075
0.913355       0.973715
0.929894       0.957808
0.907075       0.989285
0.872288       0.977517
0.988153       0.996196
1.24418       0.98353
0.915341       0.98148
0.898892       0.993414
1.22678       0.972998
1.00111       0.978487
1.07283       0.980464
1.01458       0.949042
0.996494       0.992123
1.0909       0.988571
1.03561       0.982876
0.814413       0.976966
1.02892       0.983378
0.884077       0.986455
1.23656       0.98849
1.03584       0.966205
0.991154       0.989806
0.95797       0.990967
0.801016       0.987635
1.11104       0.99642
1.10418       0.976097
0.860347       0.984997
1.09723       0.977469
1.0325       0.961031
0.951328       0.975968
1.24899       0.988573
1.08139       0.981558
1.11682       0.993664
1.06006       0.967067
1.03457       0.976405
0.997541       0.958248
1.03671       0.984765
0.918544       0.989172
0.953807       0.988777
1.20797       0.950435
1.10472       0.984176
1.12956       0.983125
1.14472       0.97267
0.833829       0.893291
1.14566       0.97352
1.11701       0.982868
1.10468       0.996013
0.835524       0.99074
0.867218       0.97294
1.03904       0.990831
1.02842       0.993807
0.902088       0.986155
1.33543       0.99005
0.972735       0.954233
1.04765       0.996682
1.28825       0.975021
1.08683       0.958786
1.11372       0.982716
0.876592       0.961845
1.17615       0.972686
1.03001       0.993035
1.09654       0.985487
0.989431       0.95731
0.982765       0.98058
0.893795       0.953246
0.77489       0.966608
1.00213       0.9388
1.31834       0.984242
0.910656       0.989054
0.951625       0.986797
1.19824       0.966928
1.23956       0.989938
1.01931       0.95568
1.04042       0.98511
1.02747       0.984794
0.852825       0.993483
1.01828       0.963255
0.82882       0.950809
1.06888       0.99648
0.863261       0.969748
1.21869       0.98181
1.03672       0.958313
1.00068       0.962695
1.22986       0.984577
0.926238       0.979379
1.01487       0.970752
1.1482       0.978688
1.01453       0.977204
1.16965       0.992034
0.980674       0.986337
0.99701       0.991194
1.00042       0.968407
1.22304       0.974939
0.900885       0.989307
1.0086       0.972
1.17314       0.953309
1.09749       0.985913
1.02561       0.964616
1.07847       0.981744
1.06661       0.977165
1.38368       0.945518
1.09132       0.983501
1.17963       0.954214
0.824856       0.951346
0.851716       0.924912
1.06947       0.985245
1.12337       0.970124
1.07583       0.968374
0.953926       0.982457
1.20384       0.986578
1.19405       0.995701
1.21914       0.990351
0.900797       0.983702
1.24325       0.985118
0.863965       0.980953
0.810268       0.973626
1.06642       0.933254
1.01853       0.976611
0.680451       0.916735
1.05185       0.987629
0.860906       0.979862
0.880748       0.99027
1.08153       0.963284
1.06784       0.983498
0.997036       0.996167
1.08696       0.989745
0.92469       0.971553
1.08902       0.994742
1.1678       0.993301
0.684624       0.951268
0.763683       0.969755
0.977627       0.930806
1.02546       0.976527
1.09872       0.992592
1.05843       0.990135
1.30417       0.983825
0.942747       0.990112
1.02448       0.987028
0.939858       0.989987
1.01002       0.985567
1.09269       0.996776
1.12211       0.992164
1.01224       0.989543
1.0166       0.959156
1.01989       0.983575
0.819105       0.991826
1.07816       0.985746
0.960013       0.975329
1.15742       0.98721
1.00918       0.962576
0.750419       0.947897
1.03798       0.98445
0.881664       0.976432
1.02912       0.972567
1.08366       0.995679
1.00134       0.985905
1.18699       0.994402
1.21511       0.994659
0.957558       0.929468
1.19855       0.970004
1.09428       0.978788
1.05908       0.979161
0.830029       0.966347
0.862869       0.957921
1.24773       0.971121
0.951975       0.996746
1.06793       0.970452
1       0.977843
0.921045       0.98861
0.852979       0.979802
1.13525       0.948978
1.24118       0.941024
0.994311       0.996242
1.23243       0.959609
0.873462       0.993702
0.796072       0.96104
0.912602       0.980766
0.884708       0.951838
0.991176       0.987369
0.93677       0.984814
1.12992       0.992226
1.03912       0.981686
0.920656       0.988464
0.908489       0.994334
0.709377       0.937993
0.849073       0.956766
0.988347       0.985486
1.07704       0.960848
1.14807       0.966814
0.824198       0.987487
1.29454       0.990064
1.15123       0.987606
1.0593       0.990413
1.18747       0.987752
1.07826       0.972366
1.0433       0.938764
0.734132       0.948399
1.18308       0.956402
0.938238       0.992957
1.10774       0.986072
1.13473       0.975926
1.13988       0.961519
0.969369       0.966858
0.808288       0.944349
1.16654       0.975447
0.940728       0.968379
0.947909       0.97879
0.989827       0.975797
1.22559       0.96348
0.978292       0.961166
0.868916       0.987401
1.00398       0.959406
1.03915       0.975127
1.14254       0.956624
0.808943       0.994054
1.02866       0.978072
0.93307       0.988393
1.15298       0.980679
1.10914       0.967955
1.05375       0.974082
0.783099       0.978381
1.18217       0.976341
0.741003       0.916267
0.779566       0.964655
0.969747       0.892886
1.04899       0.991455
1.03313       0.946816
0.834187       0.948485
0.984952       0.985948
0.900312       0.988359
1.01004       0.967487
1.02382       0.989416
1.19715       0.966791
0.889512       0.969951
1.00641       0.995592
1.05974       0.989264
0.910467       0.975216
1.07074       0.987192
0.99804       0.987156
1.03285       0.976275
1.03216       0.972077
1.07092       0.968997
0.94914       0.990226
1.07752       0.994167
0.894558       0.981417
1.07592       0.989132
1.02026       0.987305
1.0232       0.991281
1.19692       0.969716
1.04528       0.975687
1.17266       0.985833
1.0983       0.98074
0.923942       0.995948
0.962439       0.956662
1.04552       0.977028
0.949158       0.988398
0.879375       0.966614
1.12153       0.984311
1.05371       0.96829
1.19389       0.983289
1.12892       0.987573
0.920254       0.993143
1.11385       0.994176
1.30079       0.968671
1.04157       0.981917
1.00922       0.967809
0.985558       0.989811
0.859611       0.980182
0.965624       0.973576
0.900671       0.97852
1.14415       0.965304
1.06813       0.967098
1.08921       0.972489
1.05229       0.991165
1.06499       0.957009
0.82004       0.913219
0.832258       0.984578
0.929377       0.983901
1.2414       0.951319
1.01039       0.96959
1.09494       0.982803
0.964365       0.948279
0.998102       0.961832
1.28838       0.967175
0.916384       0.982936
1.41991       0.993899
1.11837       0.981466
0.706967       0.980637
1.11651       0.993054
1.26756       0.953037
1.23559       0.989791
1.14124       0.983119
1.06429       0.984265
0.887457       0.986404
1.11181       0.988337
1.11421       0.966181
1.19824       0.977203
1.0736       0.962529
0.771965       0.961982
1.17622       0.986901
0.99198       0.987923
1.141       0.978606
1.02735       0.990574
0.968529       0.976868
0.883909       0.988588
0.972589       0.986185
0.986895       0.964203
0.727518       0.93816
1.05452       0.97695
1.05575       0.990764
1.07774       0.970757
1.25014       0.964847
0.909547       0.971662
1.07316       0.988476
0.957264       0.954405
1.03413       0.987055
1.13954       0.971464
0.947453       0.988961
1.14731       0.95996
0.979513       0.991372
1.12802       0.967859
0.983016       0.963521
1.10686       0.972739
1.18275       0.993099
0.81816       0.979232
1.06125       0.940245
0.923035       0.985544
1.16932       0.974758
0.938733       0.908291
0.769044       0.94041
1.10593       0.97777
1.19132       0.977952
0.975538       0.915904
1.12028       0.978537
0.805523       0.986288
1.07999       0.972173
0.978516       0.989509
1.17663       0.95698
1.20994       0.976645
0.862931       0.987637
0.947064       0.967806
1.1496       0.986219
1.00207       0.984413
0.720229       0.96566
0.910864       0.989224
1.00897       0.972286
0.986042       0.969113
0.949229       0.992048
0.844282       0.955129
1.02923       0.956362
1.08572       0.995599
0.939298       0.981513
1.04595       0.961737
0.911741       0.970967
1.09248       0.991792
0.816058       0.970987
1.17355       0.97408
0.886433       0.946305
0.980039       0.992466
0.941026       0.990056
0.992043       0.980816
0.987658       0.987228
1.02865       0.977097
1.021       0.979728
0.837909       0.949384
0.881949       0.972336
1.03407       0.979326
0.997471       0.983623
0.801627       0.955857
0.723244       0.931875
1.12353       0.966413
0.871384       0.968362
0.953653       0.977994
1.00541       0.98412
1.07672       0.975797
1.01236       0.986043
0.999346       0.981325
0.974024       0.946787
1.08731       0.967192
1.09782       0.984681
0.990457       0.952223
0.815409       0.979552
1.03953       0.959371
0.883288       0.949455
0.923173       0.965521
0.872086       0.964366
1.01172       0.996653
1.11259       0.977068
0.987349       0.987918
1.01908       0.948066
0.926468       0.950516
1.12212       0.976991
0.884375       0.969756
1.05445       0.982977
0.901928       0.984654
0.989698       0.985421
1.07625       0.994416
0.92748       0.957089
1.30177       0.96611
1.01788       0.989769
1.10341       0.978794
1.1067       0.955211
1.20411       0.969195
1.0338       0.9431
1.20609       0.997314
1.0001       0.986568
0.876437       0.974568
0.871307       0.963011
1.04274       0.978983
1.2649       0.975811
1.40015       0.987808
1.06655       0.984083
0.81582       0.976602
1.22537       0.980558
0.783026       0.979436
0.843078       0.98335
1.20512       0.959471
0.731099       0.956226
1.12235       0.995123
0.884376       0.985861
0.980278       0.993929
1.20699       0.976396
0.904817       0.989451
0.966402       0.988597
1.06349       0.987044
1.33778       0.988822
1.11819       0.977835
0.957082       0.982397
0.718101       0.991578
0.978449       0.956872
0.906082       0.962314
1.04039       0.958807
0.846104       0.953271
1.23578       0.951895
1.31512       0.987474
0.933792       0.963201
1.06623       0.96058
0.912202       0.991979
1.13566       0.968411
0.869034       0.974773
0.960244       0.991891
0.92767       0.981495
0.981797       0.986849
0.993841       0.993486
1.05818       0.972867
1.04876       0.994134
1.1779       0.986058
1.03678       0.981517
0.87093       0.974608
1.19294       0.988377
1.07305       0.989062
0.922525       0.982359
0.83937       0.967469
1.031       0.984514
1.09161       0.974628
0.965551       0.953785
0.891524       0.950499
1.22355       0.976594
1.0328       0.984081
1.04499       0.889891
1.08564       0.990222
1.14142       0.968687
0.789106       0.928712
1.0778       0.997715
1.02741       0.989703
1.03682       0.99201
0.862964       0.982065
0.801355       0.95464
0.988818       0.990423
1.24874       0.976429
0.803416       0.979845
1.0691       0.990303
1.0911       0.987453
1.08767       0.976729
1.11825       0.993386
1.05546       0.992072
0.926256       0.983253
1.10891       0.979695
1.37807       0.967455
1.15067       0.96227
0.964547       0.986629
1.30825       0.990934
0.886309       0.983725
0.976682       0.956015
1.08752       0.983278
0.868559       0.97228
1.00759       0.981656
1.18899       0.942704
1.02754       0.986285
1.03405       0.972437
1.06206       0.992251
1.076       0.986852
1.08385       0.972094
0.883004       0.983828
0.92115       0.978592
1.26568       0.964329
0.884128       0.986444
1.16945       0.996682
1.0749       0.978488
1.09022       0.982022
1.05895       0.995375
1.20085       0.974392
1.04751       0.973642
1.21123       0.994758
1.01036       0.967839
1.00807       0.991624
1.03799       0.929767
1.09423       0.94447
0.863657       0.933391
0.877849       0.957503
1.08323       0.931042
1.03591       0.979583
0.98618       0.964774
0.828826       0.979312
1.08929       0.95963
0.948558       0.968641
1.07288       0.95241
1.05578       0.989883
0.874034       0.951306
1.00652       0.981379
1.1351       0.984895
0.713452       0.902453
0.972835       0.986423
1.33007       0.981805
1.0562       0.958632
0.936049       0.971072
1.10132       0.969598
0.78331       0.950332
1.00699       0.96236
1.08407       0.993459
0.78189       0.945913
1.11568       0.995429
0.779464       0.99323
1.03777       0.9722
1.13207       0.940016
1.03449       0.975063
1.04042       0.979658
1.04311       0.941182
1.12482       0.959997
0.939215       0.969469
1.00516       0.948309
0.942013       0.989487
1.13502       0.992873
0.927513       0.963807
1.13995       0.975222
1.42932       0.952836
1.03802       0.983223
1.20492       0.992021
0.959242       0.985564
1.27058       0.975637
1.1874       0.995604
0.990665       0.978757
1.32535       0.982338
0.770683       0.972908
0.96832       0.911385
0.95949       0.987925
0.954653       0.98645
1.01862       0.967714
1.026       0.978339
1.09428       0.977186
1.09941       0.990439
1.05661       0.992891
1.22296       0.997123
1.04319       0.971409
1.09918       0.98859
0.972209       0.981128
1.08482       0.993357
1.1433       0.985811
0.704116       0.9694
0.918729       0.983796
0.901719       0.907923
0.911389       0.98572
1.06688       0.978342
0.950146       0.984909
1.03695       0.918129
1.08662       0.990359
0.962924       0.996729
0.860077       0.976775
0.870225       0.954494
0.923118       0.996845
1.0835       0.972118
0.881906       0.990287
0.940493       0.976446
1.1963       0.991168
0.949023       0.951806
1.10492       0.97696
1.26287       0.98341
1.08115       0.99111
1.28529       0.975149
0.98842       0.952186
0.949072       0.979336
1.11412       0.994257
1.05267       0.99121
0.968764       0.983327
1.0879       0.947295
0.99574       0.991826
1.04386       0.970203
0.860872       0.979937
0.992303       0.992573
0.966605       0.979718
1.01211       0.99102
0.96362       0.966777
0.939945       0.989226
1.16473       0.988374
1.01148       0.983144
1.12063       0.997271
0.941613       0.984527
1.08       0.965811
0.850073       0.988054
1.00096       0.99477
1.0623       0.991391
0.940242       0.957589
0.822051       0.976807
0.895555       0.992977
1.02302       0.94458
1.15695       0.948125
0.842239       0.945355
0.931213       0.983954
1.17476       0.960031
0.817368       0.969593
0.861067       0.965138
1.27996       0.951566
0.82927       0.98243
0.960211       0.958621
1.12395       0.954071
1.08237       0.955788
0.951171       0.989894
0.931415       0.985029
0.989681       0.992831
1.16542       0.947451
1.22029       0.981248
1.15012       0.987812
1.22823       0.990521
1.03118       0.976863
1.09699       0.988681
0.876279       0.945845
1.06669       0.984164
1.06319       0.967468
1.10508       0.959582
1.18404       0.966689
1.15562       0.980471
1.09053       0.990977
0.985316       0.905922
0.980769       0.994895
0.852518       0.967238
1.0312       0.988636
1.25184       0.98962
1.18697       0.986103
1.20909       0.982715
1.1781       0.974999
0.764423       0.88747
0.902124       0.948248
0.971008       0.970659
0.800957       0.937496
0.710153       0.90622
1.01419       0.995857
0.866868       0.930902
1.05906       0.988214
1.10934       0.991578
0.986918       0.982851
0.986675       0.953907
0.864412       0.959325
1.01529       0.970174
1.02455       0.969795
1.17375       0.950774
1.08907       0.994144
1.04831       0.986852
1.16884       0.969224
0.982829       0.981159
1.14241       0.991174
1.08247       0.978131
0.923345       0.966309
0.896396       0.974943
1.00881       0.977976
1.20796       0.964664
1.03747       0.99247
1.20283       0.970257
0.974694       0.981826
1.29335       0.988519
1.3314       0.931244
1.02328       0.953578
0.86605       0.970616
1.12388       0.99636
0.982209       0.980061
1.07331       0.934207
1.18974       0.989954
0.929279       0.953008
1.05196       0.993008
0.768099       0.948828
0.890409       0.974575
1.05416       0.991759
1.05177       0.974553
1.18952       0.939327
0.91942       0.979153
0.89242       0.951065
1.02967       0.990162
1.06727       0.976486
0.887806       0.971999
0.861064       0.938823
0.935982       0.908335
1.16212       0.923521
1.05738       0.977856
0.996014       0.964386
0.87198       0.990772
0.919094       0.986112
1.29498       0.984268
1.11389       0.981521
1.14631       0.988308
0.900289       0.972231
1.19476       0.983774
0.832934       0.95926
0.995862       0.97836
1.04416       0.969714
1.0007       0.969213
0.763859       0.929167
1.03727       0.954609
1.06655       0.991949
1.35517       0.947523
1.12596       0.964319
1.01339       0.989657
1.08809       0.996787
1.13325       0.990144
1.03003       0.971297
1.17455       0.966031
1.18888       0.977224
1.12797       0.960061
1.07456       0.978412
1.07169       0.988392
0.888758       0.939548
1.0515       0.970322
1.0532       0.982718
0.919398       0.989452
0.905011       0.968201
1.16137       0.988393
1.04112       0.992173
0.9288       0.987849
0.935225       0.978694
0.944179       0.954592
0.999156       0.96405
0.869556       0.95926
0.909949       0.984315
1.05064       0.966846
1.11069       0.979189
1.03563       0.985093
1.0018       0.950223
0.977158       0.986299
0.983121       0.97155
0.886645       0.978185
1.26893       0.989563
0.828253       0.962506
0.839931       0.96902
1.04059       0.967164
0.885366       0.986286
0.901284       0.978061
1.11441       0.98516
0.98727       0.983292
0.960608       0.962789
1.17937       0.991533
0.930543       0.977049
1.02391       0.978998
1.17064       0.971499
0.94092       0.96505
1.21788       0.992684
1.05657       0.976959
1.01818       0.968516
0.998493       0.9762
1.14811       0.983496
0.915024       0.919775
0.933362       0.902647
0.794879       0.968914
0.975719       0.99063
1.18082       0.993552
1.00543       0.988513
0.792549       0.981562
0.959386       0.992407
0.908607       0.947443
0.928267       0.990079
1.08712       0.993539
0.942231       0.975895
1.12311       0.980923
1.03159       0.985837
0.984819       0.976177
0.905443       0.980339
1.09878       0.969937
1.1631       0.96242
1.03802       0.98516
1.17662       0.986416
0.83003       0.928984
0.979497       0.984278
1.1324       0.931181
1.17992       0.987088
1.01932       0.93595
0.94271       0.988931
0.863309       0.962769
1.00218       0.988811
0.815752       0.966561
1.18369       0.950122
0.949369       0.979025
0.678895       0.941983
0.909087       0.9859
0.889125       0.986274
1.11526       0.913981
1.10483       0.976139
1.05235       0.986039
1.41909       0.973016
0.769079       0.959271
1.11806       0.985518
1.05986       0.977591
1.21328       0.985854
0.939525       0.981781
1.10187       0.98696
0.975816       0.9963
1.22724       0.970918
0.913622       0.988257
1.07387       0.98374
1.07892       0.991987
1.17417       0.950761
1.24453       0.991403
0.936603       0.987838
0.992925       0.981423
1.28128       0.966977
1.08486       0.993796
0.785313       0.975119
1.22181       0.969287
1.08392       0.993638
1.12183       0.953495
1.08249       0.956593
1.0574       0.99127
1.11556       0.974778
1.00059       0.978139
1.12239       0.990768
1.15538       0.960474
1.02407       0.969884
1.27538       0.984617
0.843388       0.986777
1.02283       0.973423
0.858436       0.979175
1.04271       0.976195
1.16529       0.978362
1.02436       0.887818
0.908978       0.993746
0.856235       0.987643
0.885691       0.978067
0.957724       0.987259
0.893068       0.956586
1.35726       0.978584
1.1396       0.980753
0.72938       0.975874
1.07956       0.987534
1.06994       0.954484
0.793842       0.911315
1.24576       0.958046
1.36287       0.965078
0.962509       0.990634
0.939688       0.965238
1.19534       0.960294
1.00211       0.987486
1.07278       0.955597
1.23843       0.989858
1.00741       0.954539
0.808054       0.991124
0.801111       0.981795
1.28307       0.983262
1.09469       0.941441
1.01976       0.945459
1.27151       0.96619
0.850971       0.956502
0.923206       0.915696
1.09625       0.938035
0.926997       0.984477
1.36291       0.945273
0.982859       0.987785
0.963917       0.969177
1.03765       0.954268
0.898847       0.980149
1.20016       0.987791
1.13718       0.988365
1.06644       0.974913
0.928176       0.987968
1.05206       0.960139
0.883972       0.952098
1.11901       0.982718
1.21649       0.992151
0.9799       0.978974
1.18341       0.97574
1.00124       0.970003
0.862308       0.913402
1.17282       0.992404
1.14199       0.991642
1.22658       0.982761
0.905929       0.992795
1.20165       0.973064
1.13117       0.990914
0.98626       0.956698
1.39222       0.957164
1.32842       0.95312
0.823319       0.987862
1.18421       0.959921
1.14831       0.955881
1.02297       0.982299
0.970247       0.990483
1.10001       0.979528
0.870436       0.950607
1.1436       0.989932
0.851244       0.974587
1.00763       0.993905
0.874891       0.985101
1.00119       0.956561
1.13684       0.940981
0.938422       0.959632
1.07931       0.972494
0.893746       0.967665
0.834795       0.981677
1.09706       0.992284
1.06238       0.985515
1.05153       0.970696
0.891944       0.969603
0.730726       0.916069
1.1915       0.96223
1.01674       0.992765
0.9865       0.984483
0.798603       0.901272
0.872433       0.984027
0.935815       0.983689
1.17994       0.991105
1.06627       0.951345
0.87942       0.984282
1.14026       0.995066
0.95865       0.963311
0.789305       0.985703
1.24498       0.992343
0.959942       0.974404
1.1629       0.980423
0.937541       0.976654
0.81427       0.970459
0.93739       0.982216
1.09368       0.956957
0.90867       0.96785
0.984019       0.995343
1.32809       0.973911
1.11421       0.985116
0.870912       0.955963
1.22138       0.989098
1.17988       0.97959
0.742016       0.974953
0.999341       0.995959
0.920048       0.971181
1.01509       0.989673
1.01292       0.96889
1.12847       0.981381
1.05591       0.994405
1.0519       0.941367
0.914367       0.959342
0.963917       0.990653
0.9803       0.976638
0.855584       0.959774
1.15696       0.988356
0.993965       0.987726
1.17519       0.973018
0.83019       0.975504
1.14902       0.976315
0.809469       0.977128
0.941969       0.987133
1.11937       0.977284
1.03482       0.972486
0.9625       0.982494
0.956903       0.985846
1.05495       0.982689
1.32238       0.965992
1.02596       0.990735
1.25442       0.961022
1.08629       0.938286
0.727685       0.975675
1.01819       0.974796
1.10896       0.969283
0.929942       0.980161
0.995721       0.971911
0.830325       0.97982
1.14546       0.976663
1.02264       0.935539
0.887155       0.963587
0.902463       0.98938
1.13279       0.981686
1.23951       0.974467
0.793153       0.943781
0.998298       0.964809
1.09866       0.9646
1.14389       0.959032
0.975664       0.987616
1.23542       0.965308
0.967825       0.958352
1.21504       0.895062
0.961555       0.976724
1.06558       0.99187
1.03794       0.986305
0.937813       0.99478
0.755136       0.980051
0.950624       0.981519
0.961795       0.987615
1.07262       0.991044
1.018       0.968578
1.00154       0.988778
0.912104       0.98858
1.03598       0.992703
0.895782       0.954019
0.856018       0.979233
1.20479       0.995824
0.876725       0.968972
1.00568       0.9855
0.956703       0.977672
0.967682       0.9917
0.958617       0.976515
0.9704       0.989718
1.05262       0.90769
1.15426       0.976686
1.26486       0.9437
0.900335       0.986266
0.789862       0.963859
0.768482       0.959924
1.23106       0.954634
1.04755       0.986888
1.16534       0.975238
1.2012       0.987452
0.926552       0.974809
0.882738       0.961977
1.02811       0.983968
0.982166       0.99148
1.09541       0.982224
1.05846       0.989945
0.734895       0.96216
1.06559       0.949067
1.18271       0.996084
1.03801       0.988675
1.20359       0.981345
1.02729       0.97535
0.95368       0.985954
0.815642       0.968956
0.898756       0.993286
0.877503       0.955252
1.23386       0.970849
0.91622       0.99119
1.13678       0.969899
1.34969       0.96432
1.13398       0.941207
0.977929       0.969272
1.11965       0.995689
0.782618       0.926797
0.979545       0.958818
1.13112       0.983999
0.967543       0.976803
0.793523       0.964942
1.08382       0.977384
1.24637       0.972527
1.08681       0.987655
1.01076       0.991592
0.761185       0.959731
0.999678       0.987738
1.23039       0.979754
1.09756       0.940113
1.07695       0.953994
1.10939       0.950054
1.07951       0.976354
1.00895       0.989384
0.837423       0.989175
0.899794       0.979384
1.13956       0.977635
1.05436       0.951799
0.768604       0.97916
1.10608       0.990178
0.99927       0.94428
1.17687       0.990069
0.933181       0.963382
1.14858       0.985049
1.03937       0.985148
1.10631       0.976136
1.20975       0.944977
1.04498       0.982539
1.02913       0.933766
1.11699       0.979784
1.10135       0.988661
0.9434       0.990093
1.12227       0.97692
0.643822       0.828818
1.07331       0.987102
0.823803       0.990416
1.0708       0.973666
0.816968       0.977972
1.03778       0.98583
1.12111       0.984594
1.0001       0.965267
1.22081       0.958276
0.931177       0.952525
0.900936       0.991996
1.11133       0.983516
0.860318       0.981296
0.898667       0.933321
0.98556       0.981866
1.09288       0.947785
0.935612       0.975206
1.21109       0.938156
1.111       0.958933
0.969341       0.973609
1.11162       0.984243
1.08801       0.983194
0.892107       0.977277
0.963687       0.947736
1.08131       0.958987
0.919449       0.991492
1.01705       0.990252
1.11415       0.985105
1.27054       0.960601
1.01244       0.975554
0.91106       0.984535
0.99644       0.952407
1.13926       0.985181
1.02608       0.976739
1.21668       0.975504
0.922992       0.950783
1.14592       0.992119
1.03404       0.9859
1.20555       0.986377
0.939298       0.959193
0.858009       0.918811
0.960807       0.994782
1.14796       0.989075
0.918916       0.969843
1.16132       0.983143
1.04655       0.990767
0.920169       0.991397
0.966141       0.993333
1.09946       0.989651
1.08353       0.991517
1.08178       0.984527
1.14644       0.984942
0.794384       0.963708
0.932479       0.974407
0.88413       0.970727
1.26418       0.974098
1.13782       0.97051
0.924561       0.977838
0.852094       0.978174
1.18341       0.981968
1.05596       0.995209
1.09403       0.977914
1.25691       0.978433
1.02023       0.984136
0.880762       0.990245
1.14733       0.97967
1.12275       0.980817
0.880624       0.963706
0.786114       0.941214
1.0364       0.984785
1.05868       0.990521
1.30108       0.967157
1.06191       0.920245
1.02074       0.986579
1.07017       0.996069
1.08886       0.990438
0.905471       0.986452
0.955573       0.978002
0.771464       0.94776
1.15049       0.969351
0.865684       0.975223
0.958301       0.924993
1.13678       0.990057
1.13639       0.95619
1.24791       0.989724
0.966566       0.976593
1.00771       0.983163
1.05512       0.973843
1.09928       0.913522
0.789547       0.97989
1.22327       0.983435
1.16782       0.989111
0.931563       0.954242
1.11253       0.986275
0.814468       0.980635
0.683963       0.918081
0.919173       0.983421
1.27141       0.982013
0.843629       0.96995
1.00617       0.939911
1.11914       0.991116
0.923896       0.939784
0.966434       0.981535
1.32476       0.989409
1.08371       0.978561
1.14312       0.976227
0.903223       0.996262
1.02691       0.932772
0.919992       0.98639
1.05398       0.98072
0.984491       0.994608
0.828033       0.975781
0.949279       0.97242
0.738073       0.958281
1.03229       0.989191
0.828736       0.96228
0.93994       0.973547
1.27628       0.979051
1.25816       0.975421
1.01911       0.967827
1.00412       0.972567
1.05339       0.968742
0.851747       0.976467
1.01146       0.985792
1.10283       0.966411
0.970934       0.958183
1.02234       0.967932
1.04       0.976665
1       1
