1.20491       0.969885
0.849667       0.983263
1.05878       0.981532
1.21203       0.937549
0.871713       0.958453
0.991076       0.748512
1.08848       0.985646
1.23743       0.98917
0.833537       0.973388
1.10616       0.924798
1.62032       0.912937
1.24146       0.960124
0.943675       0.96437
0.990115       0.987317
0.553964       0.871548
1.49312       0.976774
1.00558       0.986478
1.04572       0.958704
1.31014       0.989596
1.01868       0.944784
0.855631       0.991194
0.625402       0.800449
1.33812       0.955587
1.35622       0.93844
1.52449       0.951675
0.668702       0.761319
0.755319       0.960287
0.995755       0.928447
1.00217       0.943608
0.991889       0.978702
1.24935       0.939659
0.975492       0.970152
1.4815       0.976746
1.20352       0.936174
1.37171       0.944108
0.744915       0.741344
0.809526       0.958907
1.0451       0.904623
1.6114       0.921316
1.48779       0.885203
1.19089       0.914016
1.01254       0.906057
1.10779       0.980503
1.35269       0.893962
1.18757       0.978709
0.95538       0.945988
1.23504       0.992162
0.908982       0.878656
1.37765       0.968311
1.00815       0.807579
0.773688       0.906067
0.631745       0.910576
1.06022       0.862564
0.981923       0.892055
1.50939       0.984067
1.1336       0.986417
0.946247       0.69536
1.17045       0.956091
1.11727       0.927619
0.876419       0.931123
1.02022       0.90027
0.736579       0.965993
0.932412       0.986166
1.29291       0.956952
1.17187       0.979545
1.07243       0.969187
0.884358       0.838887
0.92732       0.902514
1.08424       0.98945
0.851113       0.980385
0.850492       0.787387
0.787092       0.9507
0.950652       0.941887
1.18555       0.894349
0.809592       0.904747
1.21907       0.968371
1.13779       0.963572
1.31899       0.965277
1.18253       0.969058
0.85449       0.947078
0.952014       0.938481
1.24186       0.966981
1.0529       0.984252
1.45247       0.916617
0.781887       0.942563
0.833139       0.826181
1.14629       0.94714
1.58029       0.979585
1.40506       0.92013
0.94822       0.959234
0.792184       0.979148
1.53012       0.953205
1.31392       0.938342
1.19203       0.986176
0.967477       0.967015
0.839064       0.753638
1.01188       0.980837
0.919363       0.941594
1.19184       0.9938
0.734945       0.927531
0.904843       0.936822
1.14002       0.960768
1.01426       0.963989
1.1492       0.97727
1.54477       0.94515
1.07091       0.927201
1.72852       0.91505
1.23575       0.892703
1.62045       0.942534
1.03469       0.945103
1.1307       0.974023
1.27702       0.962964
1.11837       0.957387
0.756297       0.957374
1.00137       0.946023
1.18476       0.969807
1.06704       0.985618
1.40222       0.951272
1.07028       0.959161
0.927833       0.945346
0.860343       0.952083
0.969354       0.933062
1.19471       0.951522
0.719835       0.748134
0.861152       0.98933
0.881184       0.834494
1.37678       0.954826
0.988492       0.984855
1.17627       0.95381
0.939617       0.972986
1.32871       0.98326
0.934961       0.917793
1.42011       0.954123
0.861165       0.877816
1.39194       0.984269
1.44344       0.99038
0.975912       0.916125
0.976314       0.970986
1.13168       0.986821
0.978035       0.930107
1.1972       0.929289
1.23873       0.978092
0.59728       0.858552
1.08897       0.994729
1.26515       0.955244
1.29821       0.903686
1.21727       0.986795
0.855833       0.916568
0.839606       0.917009
1.39163       0.95043
1.09326       0.987807
1.22609       0.97545
1.09704       0.961924
0.84126       0.901119
0.662799       0.845636
1.30922       0.977185
1.13092       0.932481
1.04759       0.937894
0.798363       0.921275
1.02962       0.970585
0.954341       0.924895
1.38109       0.888283
1.51995       0.980869
0.85605       0.920192
0.97454       0.778315
0.842135       0.942315
1.04841       0.924582
0.809546       0.900438
0.819214       0.968961
0.791651       0.709099
0.795435       0.810626
0.759543       0.976188
0.822932       0.964729
0.749181       0.9514
1.32651       0.943734
0.963598       0.962957
1.19016       0.964268
0.858809       0.889162
0.78348       0.990456
1.61952       0.964673
1.18163       0.959127
0.979194       0.959483
0.737607       0.936216
1.10445       0.935421
1.03633       0.960383
1.04791       0.923175
0.934932       0.946084
0.877106       0.947532
1.03883       0.974733
1.19909       0.977257
0.995282       0.989158
0.972768       0.939166
1.27045       0.972133
1.34165       0.944309
0.782156       0.933198
1.38971       0.929169
1.36346       0.985573
1.15684       0.963148
1.15722       0.959438
1.4832       0.961098
1.37217       0.977447
1.26527       0.986961
1.34041       0.957325
1.03229       0.977999
1.52327       0.935958
1.3524       0.974385
1.02394       0.969214
1.22324       0.958338
1.09816       0.93625
1.04859       0.975456
1.47617       0.950627
1.08588       0.971719
1.05737       0.921074
1.13176       0.988994
1.05327       0.972375
0.82562       0.759787
0.996897       0.933433
0.944565       0.930122
0.951392       0.958782
1.03146       0.991796
0.687008       0.754923
0.779708       0.770093
0.875248       0.961565
0.857217       0.970049
0.948022       0.88933
1.15539       0.991688
0.996573       0.936755
1.21624       0.961345
1.18839       0.941204
1.29174       0.972221
0.995104       0.951092
0.88466       0.92954
0.829975       0.952201
1.01269       0.918167
1.12116       0.965695
0.700962       0.929869
0.964068       0.937117
0.957121       0.919824
0.859501       0.9769
1.25425       0.975594
0.802369       0.871428
1.42494       0.977629
1.26297       0.934466
0.969271       0.901655
1.32792       0.981793
0.835927       0.912359
0.850719       0.793891
1.33613       0.992421
0.72539       0.912749
1.27591       0.951539
0.9705       0.83647
1.07171       0.942603
0.845332       0.916592
1.20351       0.979088
1.48894       0.982043
0.71051       0.895312
1.12444       0.933006
0.939169       0.961755
1.27018       0.986025
0.968133       0.974144
0.902803       0.985709
1.09752       0.965154
1.39667       0.980853
1.08764       0.993876
0.823123       0.888366
0.902421       0.985723
1.0319       0.960297
1.00529       0.962646
0.945042       0.920923
1.12947       0.877944
1.10021       0.970773
1.15031       0.974366
0.848147       0.952339
1.11005       0.98046
0.997577       0.909789
0.956025       0.969909
1.21501       0.988457
1.1474       0.983159
1.22451       0.989718
0.838846       0.961855
0.925673       0.968086
0.7469       0.932695
0.511595       0.618087
1.2077       0.964956
0.976503       0.956584
0.66029       0.729077
1.32893       0.975142
0.837455       0.951583
1.23318       0.983056
1.34666       0.925517
1.09601       0.937478
1.05848       0.953354
1.17486       0.983479
0.826878       0.945106
1.32347       0.967823
0.862496       0.932252
0.993372       0.941304
1.01858       0.989723
0.903664       0.952029
0.713197       0.939368
0.703708       0.943682
0.989093       0.957707
1.41634       0.904535
0.821891       0.970152
0.830559       0.989092
1.05964       0.934453
0.95068       0.955517
1.16229       0.82494
0.685269       0.834224
0.927806       0.906629
0.93499       0.910267
0.847092       0.804089
0.985635       0.906431
1.11271       0.972563
1.05811       0.827557
1.11186       0.96876
1.59805       0.970732
0.887583       0.925889
0.984277       0.825524
0.882506       0.935182
0.861804       0.940258
1.3702       0.912338
1.37963       0.972441
0.901532       0.892151
1.14582       0.976343
1.24885       0.924494
0.833465       0.911975
1.17264       0.94843
0.820528       0.954629
1.51999       0.845174
0.690895       0.933128
1.08416       0.987516
1.07934       0.840248
1.17188       0.985669
1.171       0.955039
1.13311       0.956996
1.03148       0.960926
1.17458       0.919252
0.648038       0.860984
0.735986       0.787956
1.11748       0.969502
0.886411       0.882473
1.67435       0.970021
0.817864       0.893196
0.966177       0.981114
0.895633       0.957807
1.45493       0.935547
0.81513       0.95882
1.28278       0.982067
0.704072       0.896545
1.22949       0.941308
1.03853       0.936269
1.07329       0.921306
0.991573       0.976157
0.860385       0.958921
1.06594       0.981558
1.15305       0.992048
0.979941       0.977558
0.817164       0.947839
0.698849       0.631051
1.12793       0.96965
1.03834       0.966304
0.799134       0.948538
1.13554       0.944593
0.93833       0.915039
0.82351       0.944066
0.901708       0.944923
0.98921       0.938812
0.91295       0.94094
0.789398       0.808921
1.15575       0.966858
0.834098       0.885204
0.744642       0.900207
0.981918       0.976816
0.802222       0.893008
1.12405       0.980959
1.20893       0.976862
0.947438       0.940318
1.64214       0.953729
1.25243       0.931878
1.08189       0.94917
0.940034       0.955806
0.91379       0.972339
0.833698       0.880352
1.13982       0.959957
1.38728       0.917308
0.887935       0.910525
1.27602       0.967966
1.1433       0.973779
1.15324       0.973558
0.881194       0.984266
1.13472       0.967601
1.40912       0.980282
0.962421       0.97396
1.093       0.951818
0.861362       0.974042
0.664279       0.804302
1.38319       0.938738
1.2068       0.975968
1.15614       0.817672
1.2199       0.908069
1.38486       0.96865
0.983671       0.961121
0.835409       0.981365
1.3467       0.938975
1.10648       0.974708
1.10039       0.951254
0.579376       0.730675
0.696718       0.787005
0.685204       0.94122
1.50651       0.89212
1.10672       0.978574
1.01717       0.946108
0.859995       0.9774
1.08192       0.923563
0.983279       0.974977
1.41291       0.943849
1.34318       0.952408
1.22753       0.966342
1.05241       0.938253
1.33018       0.975544
1.29564       0.967044
1.11188       0.977358
0.927733       0.973502
1.21739       0.958672
0.992403       0.959536
1.14849       0.944017
1.04428       0.959621
0.858445       0.891543
0.857508       0.946925
1.17538       0.957331
1.27741       0.902378
1.04923       0.942933
0.717636       0.978485
0.879019       0.926512
1.4794       0.969666
1.55831       0.970917
1.41993       0.984754
0.870461       0.967292
1.07114       0.973297
1.32696       0.991532
1.01984       0.981318
1.42214       0.922653
1.12188       0.960273
1.17233       0.957884
0.843744       0.947116
0.866424       0.906027
1.1591       0.937827
1.27326       0.974394
1.02006       0.824714
0.556772       0.850916
0.768527       0.942961
0.930679       0.913834
0.87111       0.964422
0.813534       0.889213
0.841815       0.918927
1.06692       0.904754
1.00667       0.943075
0.935033       0.948766
1.05448       0.832269
1.36621       0.935174
0.905734       0.900817
1.43002       0.945223
0.702879       0.803819
0.908085       0.898384
0.962557       0.962076
1.06131       0.944054
1.45338       0.948461
1.00167       0.911826
0.550855       0.759505
1.0247       0.976301
1.17554       0.913506
1.53644       0.946231
1.37354       0.993223
0.800549       0.950625
1.52531       0.951703
1.34921       0.902608
1.33442       0.951594
0.980503       0.965043
0.886749       0.937911
1.26863       0.961494
1.28037       0.91874
1.19396       0.96996
1.3017       0.954458
0.791849       0.967307
0.785249       0.96756
1.13       0.955037
0.919071       0.988495
1.33575       0.926189
1.02921       0.977088
0.781455       0.909095
0.81141       0.961728
1.27186       0.983888
0.96477       0.960073
1.1868       0.977549
0.929729       0.967757
0.950904       0.961982
0.9515       0.921413
1.14372       0.938045
0.814039       0.972704
1.48896       0.964995
1.39027       0.881874
1.39473       0.986622
1.03775       0.895172
1.31461       0.91223
1.31206       0.991173
1.02273       0.967004
1.25916       0.938871
1.09587       0.965363
0.980123       0.944517
0.917698       0.963171
1.31907       0.934696
0.953161       0.959288
0.869988       0.955684
1.04702       0.898123
1.06566       0.884331
0.787049       0.971609
1.0715       0.898234
1.10772       0.978068
0.939549       0.984152
1.52807       0.954196
0.958012       0.958069
1.15063       0.94467
0.711267       0.920937
1.0948       0.941996
1.14723       0.940266
1.31302       0.943221
1.42389       0.845252
1.15553       0.964559
0.48992       0.774927
0.844953       0.960594
0.821449       0.918995
1.15057       0.943242
0.802711       0.872997
0.915381       0.928698
0.993776       0.953651
1.10899       0.951691
0.878774       0.971784
0.804935       0.954065
0.744641       0.890344
1.17899       0.969857
1.18127       0.958034
1.50123       0.975416
0.687141       0.885733
1.05573       0.979087
1.23       0.973519
1.41882       0.977391
1.25141       0.934502
1.0675       0.977435
1.17894       0.983025
1.12945       0.961737
1.02515       0.816752
0.894498       0.969994
1.25829       0.961361
0.739853       0.894727
1.18788       0.953475
0.837257       0.981823
1.38584       0.962557
1.13961       0.994153
1.16255       0.984423
0.926477       0.86589
0.933571       0.980434
1.17138       0.985721
0.965732       0.856054
1.4717       0.967486
0.671628       0.949173
1.36421       0.960865
0.964303       0.873199
1.32226       0.803533
1.46733       0.922631
1.27969       0.978188
0.977171       0.988495
0.921368       0.983474
0.809464       0.968387
1.01886       0.957563
0.721451       0.872635
1.0249       0.972627
1.05979       0.677504
1.01534       0.962308
1.19884       0.902229
1.37123       0.973171
0.937619       0.921353
0.857557       0.880627
1.04987       0.968057
0.930501       0.973268
1.35184       0.90966
1.14857       0.950296
1.12398       0.936468
1.28165       0.94678
0.975043       0.925818
1.07403       0.969776
1.15008       0.957445
0.891998       0.95249
0.965798       0.940352
0.789057       0.956498
0.953519       0.948708
0.943084       0.944364
0.928556       0.981913
0.813694       0.931224
1.1113       0.99061
0.838214       0.928978
1.10453       0.956026
0.612115       0.632462
1.01555       0.855417
1.31782       0.952379
0.806745       0.751447
1.06149       0.962883
0.967571       0.930515
0.917078       0.969287
0.850196       0.983639
0.863205       0.951949
0.728291       0.970086
1.00285       0.906579
0.969532       0.967329
0.952838       0.909526
1.32505       0.9218
1.12355       0.987387
1.35563       0.947167
1.032       0.697279
1.2949       0.973121
1.20819       0.944709
0.911793       0.923526
1.2486       0.940941
0.935296       0.796253
0.952294       0.986778
1.30274       0.934976
0.836009       0.915359
0.784461       0.821081
1.04948       0.829782
0.705246       0.840399
1.31032       0.980402
0.735545       0.958182
1.10087       0.966314
1.06384       0.98065
1.53149       0.956925
0.998328       0.94253
1.05105       0.939179
1.3145       0.968601
1.05171       0.960147
1.28732       0.978467
1.00598       0.94952
1.13659       0.965494
0.806742       0.976726
1.21824       0.9501
1.25524       0.955899
1.06148       0.94555
1.27529       0.950931
0.835468       0.723725
1.0888       0.957726
1.16459       0.847832
1.13449       0.849826
0.940501       0.964685
0.758414       0.944962
0.940639       0.962111
1.07616       0.972428
1.12015       0.969397
0.870442       0.928492
0.865522       0.9818
0.987136       0.934322
1.02362       0.980485
1.28867       0.937935
1.22661       0.969282
1.11066       0.905971
1.10985       0.987602
0.89001       0.950028
1.01534       0.93348
0.969569       0.969606
0.718923       0.970254
1.113       0.95269
0.780644       0.899076
1.02171       0.948007
1.14085       0.962325
1.17547       0.95041
1.44722       0.954945
1.21795       0.975262
0.540397       0.935044
1.06225       0.872982
1.20867       0.956148
1.51305       0.939714
1.39964       0.955583
0.977444       0.97061
1.01946       0.98646
1.14591       0.96925
1.40163       0.965927
1.06953       0.953792
0.91153       0.945867
1.06496       0.92478
1.52736       0.96373
0.913371       0.969024
0.808536       0.899816
0.921975       0.9612
1.32694       0.956227
0.98163       0.888923
0.830917       0.669231
1.43442       0.950273
0.980286       0.973772
1.0812       0.933913
1.12483       0.974078
1.13442       0.991918
1.40357       0.872141
0.987171       0.963233
1.40473       0.943786
1.05051       0.99054
1.28259       0.983621
1.13946       0.992686
1.10344       0.976263
1.15825       0.873857
1.17154       0.968572
0.612499       0.726159
1.35087       0.980274
1.26915       0.897665
1.23645       0.947761
1.22743       0.930157
1.04883       0.831521
1.39487       0.945188
0.956659       0.946296
0.81616       0.9188
0.944118       0.985214
1.07968       0.991322
0.767062       0.958198
1.13049       0.953938
0.833912       0.81681
1.05897       0.813685
1.32175       0.991469
0.861663       0.857293
0.792427       0.937433
0.612347       0.802464
1.43687       0.88941
1.07449       0.964354
1.54728       0.969245
0.805038       0.816761
0.779391       0.919045
1.17741       0.962494
0.915121       0.985991
1.48427       0.964394
1.07959       0.975053
1.07079       0.978292
1.28936       0.973811
0.939008       0.958403
0.813398       0.98465
1.4496       0.975434
1.30431       0.966944
0.948335       0.984848
1.03957       0.970878
1.32218       0.974562
0.990982       0.916952
1.37778       0.985386
0.781481       0.930129
1.24306       0.880403
1.13725       0.947084
0.755006       0.981021
1.09305       0.957723
0.848031       0.952959
1.79681       0.964658
0.98824       0.968005
0.787866       0.703263
1.15203       0.9798
1.19353       0.981651
1.09928       0.9121
0.965201       0.873374
0.960575       0.842871
1.32312       0.927054
0.730402       0.855974
1.18929       0.943578
1.18061       0.94864
0.794609       0.810593
0.71401       0.237431
0.915761       0.954331
0.758165       0.874561
0.838222       0.829993
1.26323       0.962884
0.899204       0.920657
0.832401       0.943937
0.948396       0.983345
1.00802       0.778314
1.25657       0.951816
0.91529       0.965698
1.14296       0.959944
0.863877       0.850057
1.14659       0.992263
1.07368       0.9221
0.829186       0.958592
0.909249       0.977009
0.755681       0.959814
1.18007       0.987389
0.845719       0.96717
1.20923       0.963206
1.11134       0.950521
1.20278       0.983924
1.07344       0.88295
1.03583       0.988663
0.840262       0.844743
1.07028       0.884429
1.21419       0.971504
0.84593       0.969125
1.30757       0.960042
0.854111       0.853587
1.07796       0.949508
0.990036       0.899082
0.857502       0.945369
1.02893       0.972638
1.14807       0.994577
1.09485       0.969414
1.12348       0.964409
1.47115       0.943276
1.03649       0.967352
1.14235       0.948742
0.901387       0.957465
1.07286       0.943792
1.19068       0.964541
0.925726       0.943885
0.91122       0.952717
1.21169       0.962058
0.9819       0.974027
1.06475       0.977545
1.26403       0.99174
1.05322       0.917479
1.36922       0.976518
1.59925       0.978823
1.09303       0.992575
0.834894       0.990895
1.13765       0.976603
1.16213       0.974416
1.22191       0.982087
0.94034       0.96595
1.06583       0.94682
0.735943       0.871201
1.43926       0.958907
1.25144       0.983744
1.19814       0.944848
0.860436       0.913694
1.07117       0.9656
1.27047       0.958625
1.19762       0.922924
1.20139       0.975106
1.29403       0.958593
0.734396       0.923872
1.14587       0.981298
1.14276       0.957803
0.991311       0.953955
1.15487       0.972062
0.966199       0.981868
1.16871       0.963988
1.11343       0.954154
0.797591       0.875178
1.06597       0.859832
1.11467       0.946953
1.18263       0.967384
1.35948       0.983231
1.05984       0.946268
1.06365       0.949871
1.27304       0.930862
1.12711       0.984785
1.18656       0.981992
1.30533       0.955521
1.00817       0.981344
1.04827       0.928153
1.15052       0.975905
1.15555       0.961785
0.946379       0.963751
1.00284       0.885201
1.02441       0.97046
1.15251       0.945457
1.12422       0.991365
1.29359       0.982462
1.06915       0.946755
1.5199       0.924629
0.828877       0.938078
1.06655       0.979099
1.05556       0.955589
1.0546       0.988964
1.03163       0.931323
0.86896       0.97161
1.20561       0.965938
0.889608       0.977999
0.736052       0.740881
0.895217       0.904413
0.704664       0.8515
0.909561       0.90724
0.946828       0.95607
0.991889       0.948838
1.1463       0.986714
1.21979       0.967
1.2713       0.97819
0.817368       0.906999
0.892981       0.937176
1.20734       0.962048
1.30354       0.980539
1.45426       0.985913
0.989641       0.986628
1.02894       0.982993
1.26244       0.963178
0.624034       0.875387
1.12998       0.973872
1.24251       0.965342
0.961122       0.938049
0.963418       0.973619
1.08482       0.966775
1.2346       0.960572
1.03466       0.98556
1.16106       0.943135
1.18289       0.904297
1.27804       0.945762
0.829494       0.977152
0.895642       0.904271
1.08244       0.972508
1.15545       0.922173
0.926437       0.975495
1.29174       0.971985
1.38829       0.95165
1.40271       0.972537
1.17294       0.954257
0.806608       0.821304
1.09223       0.966651
1.29536       0.986404
1.0858       0.824248
0.75547       0.940455
1.47692       0.985396
1.33005       0.897149
0.934768       0.980331
1.08895       0.983418
0.931462       0.953521
0.798152       0.91301
0.886828       0.913457
1.17942       0.987613
1.05414       0.977679
1.60405       0.968022
1.12355       0.95582
1.24311       0.97069
1.13464       0.992716
0.958698       0.9217
1.05995       0.990282
0.814231       0.912285
0.801217       0.925555
1.05521       0.940896
0.867813       0.958465
0.980945       0.899045
0.767216       0.971149
0.88981       0.871729
0.781127       0.986146
1.01849       0.934388
0.903888       0.915858
1.06029       0.920995
0.951184       0.935596
0.939538       0.961192
1.28206       0.992333
1.24036       0.986632
1.21457       0.944838
1.42245       0.972503
0.948618       0.980664
0.76832       0.936458
0.922046       0.87869
1.15309       0.967379
1.39154       0.972612
1.30532       0.917199
1.04572       0.935471
1.05742       0.981891
1.05041       0.963976
1.14993       0.954676
0.72103       0.898479
0.879086       0.805595
1.11409       0.854724
0.93411       0.926571
0.989707       0.957612
1.05849       0.968339
1.41428       0.962711
1.09249       0.981205
0.972968       0.972756
0.951712       0.977341
1.08935       0.96622
0.87892       0.870017
0.991844       0.967023
1.01177       0.942553
0.826544       0.948851
0.82851       0.934353
0.807808       0.979143
1.19445       0.979148
1.4728       0.95726
0.627454       0.766957
0.885496       0.905974
1.43497       0.935162
1.08211       0.942645
0.766034       0.84709
1.20175       0.992542
1.27913       0.917907
1.32818       0.943172
0.64373       0.84823
1.33731       0.898895
1.19861       0.980998
1.03254       0.965316
1.25648       0.986052
1.31248       0.966564
0.867541       0.927204
0.806154       0.817387
1.72482       0.935186
1.44646       0.932612
0.774922       0.920616
1.27556       0.929918
0.699325       0.879218
1.22277       0.969271
1.17318       0.983291
1.30445       0.839366
0.866833       0.959174
0.973362       0.934647
0.91825       0.967077
1.10676       0.96361
0.949493       0.99071
1.00006       0.89246
1.18108       0.966909
1.36853       0.944403
1.24484       0.97751
0.710546       0.966418
1.07188       0.966202
1.3782       0.944047
0.813248       0.772779
0.722641       0.352272
1.20339       0.850335
1.36931       0.959795
1.16766       0.980383
1.06644       0.918445
1.29916       0.982054
0.782008       0.877378
1.01136       0.96775
0.984273       0.983145
1.18433       0.983061
1.22673       0.960721
1.31111       0.989006
0.959033       0.963924
1.39763       0.975204
1.3386       0.916882
0.964403       0.987496
1.26917       0.948473
1.10899       0.931678
1.15079       0.960163
0.866703       0.898802
1.0005       0.935031
1.1727       0.949687
1.32547       0.897245
0.678486       0.91607
1.45359       0.973695
0.938487       0.882474
1.20083       0.949939
0.830648       0.763732
1.6694       0.970326
1.81972       0.947731
0.749233       0.94989
1.06062       0.942496
0.820515       0.952768
1.01934       0.888068
0.976781       0.981784
1.24725       0.961104
1.22341       0.985543
1.38102       0.94666
1.00863       0.948323
0.98255       0.979673
1.10822       0.97633
1.60535       0.898764
1.29374       0.940568
1.31376       0.907399
1.32962       0.984974
1.54565       0.967757
0.886938       0.976052
1.38434       0.974486
1.20038       0.931078
1.03751       0.869575
1.50308       0.960559
0.773201       0.921779
1.08009       0.848666
1.2596       0.966711
1.10545       0.961691
1.12072       0.961963
1.19468       0.942619
1.50067       0.975567
1.11549       0.949216
0.73937       0.600174
0.998085       0.943528
1.35608       0.964919
0.902549       0.978811
1.19466       0.953858
1.16623       0.991409
1.4206       0.864903
1.32901       0.974114
0.901493       0.977143
1.3918       0.94257
0.70565       0.978314
1.01423       0.864208
1.02679       0.975418
1.43514       0.990077
1.24208       0.963595
1.24724       0.993476
0.738975       0.958687
1.03161       0.951023
1.35093       0.986891
0.867564       0.915508
1.16305       0.982656
1.51033       0.94759
1.3791       0.993788
0.912124       0.968893
1.44609       0.983255
0.81701       0.748907
1.28393       0.969617
1.20898       0.957245
0.736707       0.848155
1.25739       0.954423
1.09387       0.937757
0.768871       0.927683
1.01224       0.838932
1.06567       0.893901
1.27664       0.969901
1.0474       0.906995
0.957002       0.85362
1.07061       0.965671
0.681961       0.871081
0.940545       0.966687
1.06498       0.854576
1.05392       0.957702
0.95727       0.943306
0.701571       0.889937
1.19616       0.990939
1.20768       0.967764
1.31051       0.973389
1.00445       0.949266
0.946733       0.966181
0.75013       0.909318
1.3063       0.942042
1.27093       0.950244
1.25836       0.934505
1.55854       0.886148
1.2837       0.982256
1.21814       0.905257
1.23178       0.974696
1.12771       0.959294
1.28589       0.946818
1.26549       0.949987
0.926542       0.953083
0.802159       0.850671
0.89915       0.924756
1.00672       0.966265
0.962021       0.9564
1.13865       0.96887
0.974139       0.919879
1.18321       0.952193
1.16642       0.973923
1.40975       0.976927
0.894672       0.968874
1.63619       0.969908
1.50924       0.982154
0.936403       0.976111
0.989955       0.992092
1.28677       0.890587
1.29692       0.981176
1.08491       0.978666
1.42222       0.957416
0.828888       0.951341
1.15683       0.935124
1.33509       0.932207
1.15072       0.953334
1.24245       0.978716
1.36673       0.992151
1.32534       0.966639
1.37523       0.980531
1.27656       0.970831
1.10118       0.917041
0.844158       0.802583
0.710215       0.951421
1.12069       0.945841
1.18658       0.894263
0.844156       0.933864
1.38844       0.95209
0.856564       0.906502
1.1686       0.951006
1.00823       0.963712
1.00243       0.943807
0.836447       0.931922
1.08869       0.975871
1.0413       0.938966
1.13419       0.983834
1.37715       0.890516
1.10344       0.966213
0.967989       0.944656
0.967646       0.921263
0.93747       0.917834
1.10127       0.938301
0.889967       0.953933
1.00985       0.932585
1.06006       0.842135
1.14447       0.992215
1.37078       0.982166
1.09502       0.965833
1.03718       0.986315
1.18164       0.897942
1.28695       0.976392
0.89452       0.95959
0.979719       0.961657
0.619665       0.777549
0.933051       0.961971
1.50056       0.892056
1.28756       0.897445
0.969523       0.92282
0.717624       0.866988
0.912233       0.942761
1.25401       0.936571
1.34792       0.969087
0.96227       0.983622
0.988969       0.939266
1.28002       0.938286
1.04774       0.977432
1.01279       0.985992
1.1704       0.980445
1.345       0.972395
1.61192       0.972987
1.05024       0.938693
1.07888       0.971628
0.744738       0.919766
1.05179       0.941035
0.793048       0.878593
0.8403       0.965951
1.19111       0.962478
1.19087       0.944763
0.942456       0.932887
0.834126       0.919932
0.964043       0.950568
1.10231       0.942391
1.18372       0.961643
0.663192       0.835096
1.10432       0.900883
1.03749       0.969425
1.10166       0.9663
1.53262       0.909175
0.842133       0.646414
1.33647       0.952553
1.31799       0.893623
0.929758       0.960026
1.02707       0.947176
1.00246       0.949671
1.16296       0.923344
1.31098       0.934198
1.10809       0.977362
1.03362       0.807768
1.03055       0.913326
0.905928       0.844036
1.71509       0.963831
1.27611       0.991504
1.1779       0.962718
0.860336       0.935307
1.25728       0.983381
1.32799       0.981838
1.0279       0.986243
0.989695       0.987158
1.19007       0.946779
0.878404       0.942601
1.41479       0.961566
1.02477       0.976055
0.941563       0.944691
1.17988       0.990318
1.04439       0.977028
1.362       0.961841
1.16049       0.9354
1.03255       0.955065
0.716839       0.959046
0.872081       0.901278
0.872185       0.87999
0.839256       0.956972
1.22638       0.968734
1.16326       0.982845
0.713309       0.979746
1.0458       0.927382
1.1329       0.936575
0.969934       0.91516
1.18624       0.961402
1.06537       0.978559
0.991091       0.982652
1.23692       0.968472
0.900782       0.843306
1.11396       0.968222
0.969407       0.936293
1.18171       0.985383
1.04696       0.984041
1.04162       0.964467
1.13261       0.982829
1.15648       0.965823
0.974469       0.965717
0.706967       0.879658
1.10841       0.938399
1.19382       0.935173
1.01536       0.931889
0.997883       0.923626
1.02975       0.977557
1.23431       0.943072
0.814616       0.863811
1.02501       0.97328
1.16612       0.95226
0.977428       0.967435
0.945517       0.959812
0.664531       0.848275
1.53756       0.899195
1.12319       0.988004
1.04002       0.968349
0.983375       0.979056
1.1338       0.981848
0.994151       0.979344
1.56956       0.970885
1.26166       0.952446
0.882073       0.944677
1.07732       0.99097
1.21358       0.926681
1.25866       0.995185
1.29788       0.963917
1.02345       0.76215
0.824605       0.930877
1.59299       0.879113
0.81345       0.973434
0.932347       0.974602
0.64644       0.97053
0.732168       0.767369
0.928191       0.977692
1.12505       0.962112
0.753931       0.967466
1.5656       0.942384
0.942027       0.89034
0.913607       0.952623
1.20514       0.988084
1.08203       0.990297
0.847687       0.951219
1.11146       0.880065
1.50406       0.958086
1.01048       0.926234
0.784218       0.826094
1.18499       0.97557
0.877797       0.936202
1.02165       0.967556
1.21554       0.986607
1.01921       0.906473
1.07863       0.972125
1.34358       0.934603
1.05445       0.983072
0.781237       0.978802
0.769139       0.936555
0.695115       0.847233
1.09544       0.988398
0.632099       0.833774
0.880111       0.899871
1.10241       0.97333
1.27023       0.975947
0.716895       0.710738
1.43957       0.959389
0.889957       0.947771
0.993827       0.9603
1.17559       0.963069
0.955247       0.979633
1.20017       0.942207
1.24518       0.943719
1.39379       0.90247
1.50245       0.948249
0.769674       0.96922
1.01186       0.980435
1.17897       0.976292
1.40673       0.980351
0.844068       0.923185
0.991831       0.977719
0.874293       0.88291
1.11639       0.990209
1.2661       0.963682
1.34682       0.993278
1.4294       0.946687
0.750116       0.9313
0.899931       0.978757
1.17075       0.978581
1.44235       0.981713
0.753366       0.889201
1.35935       0.984559
0.686561       0.948273
0.962052       0.959178
0.915893       0.989129
1.09522       0.645977
0.958958       0.944801
1.45646       0.973778
1.04964       0.957214
1.38366       0.969028
1.0446       0.946649
1.15826       0.938908
0.735441       0.891659
1.49077       0.918547
0.865903       0.959353
0.993625       0.979792
1.24817       0.96109
1.61218       0.96004
0.964462       0.954276
0.528566       0.816313
0.835731       0.946497
0.911465       0.955647
1.27609       0.977519
1.48634       0.969428
0.951615       0.916975
1.31856       0.973224
0.808848       0.989671
1.28974       0.974735
1.13214       0.967182
0.852027       0.889711
0.805803       0.948068
0.898434       0.938745
0.731305       0.956159
1.51862       0.98746
1.09846       0.976303
1.06916       0.990702
1.29595       0.902817
1.26842       0.924731
1.17529       0.924017
0.711337       0.963529
0.867507       0.880555
0.805397       0.972175
1.36292       0.960387
0.939478       0.894745
1.13562       0.964755
0.859225       0.959222
1.10377       0.968264
1.05517       0.972495
1.04984       0.963521
0.830849       0.782912
1.09651       0.965251
0.846729       0.925649
1.42594       0.982115
0.760448       0.850268
1.18793       0.972415
1.52374       0.916471
1.19041       0.981531
0.747071       0.943271
1.07184       0.977782
0.801616       0.967807
1.33643       0.984288
0.978638       0.973444
1.22868       0.941751
0.901574       0.979874
0.977831       0.983418
1.16742       0.988218
1.37415       0.970343
1.17944       0.977203
0.855467       0.946931
1.61006       0.969659
0.94874       0.949979
1.32369       0.922505
1.27336       0.96317
0.816442       0.839254
1.42043       0.926277
0.691384       0.916205
1.40175       0.948339
1.10807       0.867341
1.26697       0.973211
1.04927       0.971592
1.32436       0.94845
1.26444       0.963503
1.29941       0.986978
1.22059       0.96243
1.59504       0.9183
0.940663       0.901126
1.19082       0.978104
1.23651       0.990965
0.979219       0.892582
1.19102       0.917894
1.21979       0.973824
0.828427       0.949909
0.936429       0.875238
1.12969       0.947312
0.865755       0.941779
1.14241       0.963394
1.2138       0.948226
1.12507       0.985964
0.953093       0.96377
1.34522       0.96387
0.920297       0.83123
1.32422       0.967811
0.885936       0.902472
0.790796       0.956954
1.11261       0.969123
1.10072       0.793097
1.07585       0.928277
0.709109       0.838642
1.09503       0.95167
1.06067       0.908458
0.848837       0.898477
0.958592       0.97587
1.02347       0.960623
1.44794       0.956367
0.996068       0.962566
1.11296       0.981087
1.12287       0.951987
0.770202       0.981643
0.800526       0.925209
0.968269       0.919734
1.16415       0.963765
1.22459       0.974929
0.85028       0.910191
1.14315       0.935514
0.782149       0.955006
1.01892       0.951852
0.950804       0.983921
0.781324       0.847953
0.968483       0.989928
1.23784       0.954131
1.22831       0.908591
0.782266       0.926874
1.06781       0.921012
0.652665       0.599973
0.996025       0.944951
0.848294       0.94084
1.08639       0.977305
0.746516       0.89096
1.0008       0.900306
1.02004       0.895493
1.15812       0.908635
0.910215       0.940762
1.10816       0.968507
1.24014       0.968243
1.62901       0.956397
1.29058       0.966758
1.36196       0.951393
0.970958       0.903525
1.23643       0.966595
1.03656       0.978066
1.18878       0.97964
1.01158       0.842899
1.15328       0.968443
1.2094       0.975301
0.824427       0.978578
0.904001       0.905087
0.957704       0.977013
1.26683       0.991687
0.726818       0.774297
1.34204       0.940637
1.09011       0.915019
0.707896       0.877403
1.0129       0.957076
1.15291       0.986128
0.838012       0.883289
1.55407       0.949594
1.46189       0.939086
1.17051       0.875155
1.15688       0.967155
0.979091       0.948781
1.32519       0.938342
0.881148       0.959198
1.45648       0.978072
1.24517       0.983067
1.14823       0.953357
0.836198       0.931784
1.24932       0.993942
1.38025       0.932869
1.09985       0.958099
1.18426       0.921137
1.52651       0.886414
1.09469       0.977787
0.90108       0.985381
0.946715       0.872258
1.33508       0.95399
1.70903       0.97383
0.981856       0.985806
1.2176       0.939827
0.844657       0.965337
0.763923       0.935824
1.24121       0.982313
1.22277       0.988573
0.892956       0.933803
0.774132       0.852412
1.0676       0.876069
1.50386       0.979463
1.41785       0.961956
1.0305       0.974537
0.968766       0.935691
1.0469       0.828211
1.1096       0.935927
0.988318       0.902892
1.05322       0.980892
1.13326       0.946348
0.835251       0.886379
0.973406       0.98892
1.22025       0.97847
0.962242       0.979793
1.07456       0.990101
1.20414       0.88005
1.29296       0.990552
0.961563       0.947782
1.25755       0.972453
0.783697       0.968921
1.34198       0.921821
1.10901       0.943491
0.864892       0.739129
0.940956       0.924434
0.826333       0.941089
1.09648       0.959375
1.47853       0.951912
0.96776       0.746489
1.05953       0.949375
1.19725       0.942999
0.797706       0.972837
0.614306       0.5239
1.1054       0.947274
1.32229       0.986084
0.839281       0.89293
0.992859       0.830626
1.03437       0.914869
0.915913       0.92511
1.30993       0.898791
0.868276       0.980415
1.52907       0.877469
1.31764       0.961984
1.17534       0.964403
1.18646       0.948038
0.714856       0.823928
1.1289       0.984832
0.938736       0.944242
0.923593       0.94992
0.954854       0.953562
1.76721       0.962814
0.859131       0.915518
0.859058       0.943143
1.11886       0.968458
0.704943       0.926196
0.921096       0.905427
1.10007       0.962259
0.957636       0.954142
1.08348       0.973851
1.13556       0.936027
1.07364       0.989262
1.12354       0.96952
0.964539       0.939829
1.11366       0.959067
1.23409       0.954995
0.902356       0.795709
1.39792       0.965594
1.31778       0.960746
1.11411       0.91839
1.04855       0.962883
1.41915       0.939969
1.16427       0.965861
0.851309       0.930571
0.981985       0.955332
1.01922       0.977579
1.10296       0.968681
1.03195       0.978725
0.958679       0.959145
1.25816       0.969844
1.38172       0.94944
1.08929       0.978266
0.82261       0.950237
0.849148       0.960011
1.02226       0.978312
1.00273       0.94139
1.04836       0.93609
0.807268       0.918807
1.32963       0.942679
0.933954       0.943114
0.941309       0.959813
0.994736       0.961675
0.682454       0.520715
0.801019       0.775822
0.768141       0.920711
0.894361       0.979895
1.07707       0.885402
0.649511       0.790621
1.08939       0.948367
1.0018       0.959442
1.05363       0.947133
0.917823       0.974309
1.00817       0.970479
0.788096       0.990404
1.05516       0.939327
1.29668       0.975477
1.12883       0.927519
1.11246       0.949837
1.20769       0.973248
0.806404       0.934959
0.830717       0.95652
1.50918       0.931817
1.28673       0.939159
1.11198       0.906126
1.15714       0.92422
1.18979       0.91171
1.22954       0.876133
0.893467       0.844838
1.05955       0.979838
0.782273       0.93207
1.10977       0.868213
0.943285       0.863139
1.42488       0.95075
0.992437       0.913949
0.619565       0.896944
0.871736       0.911486
1.08563       0.972091
1.25447       0.929117
0.827585       0.931437
0.951088       0.841897
0.795069       0.783806
0.824823       0.959043
1.26901       0.95605
1.47004       0.99151
1.32455       0.977199
0.442324       0.745307
0.916781       0.897884
0.982573       0.987286
0.766035       0.939672
1.1038       0.964236
0.872993       0.967193
1.16685       0.980387
0.750055       0.956683
0.828881       0.978165
1.28533       0.952664
1.0671       0.967303
1.01597       0.932859
1.07052       0.949877
1.06845       0.977823
1.11955       0.917186
0.775223       0.959386
1.07415       0.966111
1.44528       0.971244
1.59288       0.983731
0.748322       0.802835
0.844522       0.850624
1.27235       0.962854
0.883605       0.987295
0.928013       0.960246
0.838064       0.92739
0.939075       0.936214
1.07038       0.976561
1.16814       0.979157
0.939467       0.952582
1.18886       0.982188
1.38793       0.991196
1.27403       0.961401
1.26633       0.867099
1.19201       0.96709
1.3016       0.929613
1.04243       0.938881
0.761453       0.977092
1.26017       0.959688
1.22686       0.948714
1.14522       0.963348
1.27746       0.984898
0.932804       0.880034
1.02594       0.899605
0.960942       0.893146
0.791068       0.958858
1.39801       0.970015
0.832453       0.783913
1.14184       0.911608
0.749099       0.914403
0.983001       0.92146
1.59123       0.954032
0.835452       0.955023
1.0508       0.925467
1.01686       0.86578
1.35994       0.95596
0.761092       0.954195
0.879991       0.966158
1.18234       0.965188
1.04558       0.989232
0.970106       0.960024
1.21758       0.930848
0.807412       0.93834
0.99515       0.962468
1.3903       0.928876
0.865583       0.967486
0.737663       0.936938
1.10317       0.855847
0.755785       0.809481
1.00018       0.985481
1.07781       0.950406
1.22855       0.958103
0.779093       0.937845
1.34936       0.977665
1.1444       0.977614
0.838554       0.940984
1.25214       0.921721
1.14425       0.982693
1.01242       0.863628
1.1177       0.908774
1.28659       0.94495
0.808688       0.929216
0.802473       0.910438
1.29162       0.962221
1.36677       0.912204
1.1397       0.970064
1.24102       0.963385
1.1013       0.973897
1.12955       0.950715
0.778235       0.965233
1.01645       0.968817
0.845895       0.949677
1.15672       0.968197
1.29883       0.974332
1.11202       0.983315
1.23189       0.969932
1.43006       0.968345
0.837353       0.948868
1.30769       0.967434
0.826871       0.802978
0.975218       0.994741
1.41153       0.984336
1.18682       0.972686
0.949312       0.939468
1.19007       0.953777
1.13259       0.966382
0.884957       0.983914
0.795318       0.734449
1.27529       0.98088
1.01042       0.947413
1.02636       0.897762
1.00992       0.920503
1.0275       0.962194
0.766702       0.917119
0.534395       0.762096
0.736064       0.783473
0.996276       0.933413
0.983435       0.912954
1.12298       0.959897
0.823979       0.930701
0.87565       0.964634
1.04377       0.952312
1.14789       0.950407
1.01099       0.784317
1.43848       0.967401
1.2397       0.989117
1.57278       0.965312
1.40585       0.902346
0.810056       0.951753
0.95804       0.857432
1.07112       0.975801
0.813519       0.89796
1.0808       0.97657
0.874741       0.766373
1.18845       0.966226
0.954851       0.961974
1.46553       0.974144
0.792658       0.833419
1.27336       0.958501
1.05004       0.986386
0.930359       0.992054
1.17864       0.959048
1.39512       0.963169
1.24667       0.881261
0.979084       0.90568
1.04944       0.921309
0.863777       0.896697
1.25957       0.977164
1.02049       0.956977
0.775135       0.743815
0.698899       0.944654
0.951506       0.937191
0.715195       0.792386
0.904892       0.944829
0.809072       0.924937
1.0749       0.969143
0.882725       0.909079
0.944042       0.87958
1.18001       0.945403
0.797016       0.898775
0.932355       0.966156
0.894484       0.940258
1.48297       0.971189
1.13529       0.988631
1.04443       0.949446
0.565034       0.704399
0.875581       0.677573
1.29585       0.990892
1.14826       0.977468
1.11892       0.961798
1.01568       0.97067
0.883032       0.822246
0.643366       0.901997
0.754526       0.942162
1.33225       0.986205
0.740088       0.930356
1.10502       0.985671
1.33075       0.934119
0.912679       0.973865
1.0368       0.878369
0.801418       0.900129
1.36101       0.969736
1.08205       0.921317
0.745029       0.870489
0.866218       0.940497
0.994462       0.959504
0.874005       0.932047
1.17947       0.908979
1.03522       0.971593
1.25838       0.979737
1.14973       0.990105
0.802921       0.894599
1.0225       0.905653
0.927639       0.967217
0.944933       0.969134
0.896418       0.948991
1.13407       0.982305
0.757236       0.979759
1.158       0.889356
1.26581       0.990366
0.784185       0.962711
0.905824       0.948372
1.01906       0.863282
0.912557       0.969986
1.17364       0.977416
1.64675       0.944118
0.711349       0.856788
1.26143       0.943616
1.05087       0.964803
1.35829       0.986513
0.961206       0.979122
1.10192       0.922249
1.07398       0.90568
1.48318       0.951922
1.7697       0.950885
0.869366       0.934179
1.13584       0.924061
1.0146       0.985833
1.12014       0.975826
1.48806       0.960633
1.31692       0.974836
1.53711       0.96217
0.864837       0.970708
1.03158       0.975748
0.9367       0.970496
0.978961       0.955246
1.31689       0.97462
1.56343       0.944078
1.20081       0.951781
0.836953       0.787567
1.08969       0.960846
0.820872       0.887797
1.16015       0.943636
0.88254       0.82782
1.34598       0.959664
0.975828       0.941944
1.17332       0.948105
0.77271       0.947693
0.648155       0.932358
1.12466       0.948991
1.13777       0.990607
1.51019       0.907504
1.21984       0.98279
1.08321       0.926965
0.999223       0.970078
1.25622       0.981823
1.04334       0.975543
1.30781       0.985102
0.979608       0.959965
1.27224       0.987032
0.916796       0.968132
0.741064       0.943193
1.38977       0.953061
0.868652       0.963056
0.986833       0.963805
1.05226       0.985023
1.14705       0.955886
1.024       0.984442
0.738473       0.912382
1.01475       0.938688
1.47857       0.964377
0.778064       0.933904
1.0965       0.96454
1.07915       0.948275
0.851549       0.977785
0.820297       0.919631
0.618616       0.582787
1.37102       0.939607
0.960609       0.962703
1.156       0.986739
1.22015       0.965562
0.912785       0.928039
0.83954       0.988361
0.988278       0.994598
0.992478       0.926128
1.04147       0.964761
1.31609       0.992423
1.21639       0.962344
1.05813       0.979331
0.975108       0.969514
0.890591       0.933168
1.18396       0.951369
1.07968       0.9807
0.97962       0.961566
0.804518       0.966566
0.945045       0.966595
0.832463       0.798733
1.23079       0.98326
0.817811       0.942811
1.08626       0.960072
1.23377       0.931275
0.967085       0.98498
1.04712       0.905127
1.18968       0.954088
0.928398       0.972398
0.808912       0.762508
1.13603       0.986716
0.925005       0.978285
0.730121       0.981459
1.17922       0.882656
1.08879       0.988031
1.2967       0.968273
0.988828       0.966517
0.670446       0.793644
1.2391       0.985891
1       1
